   -92    160    305    285   -418     28   -182    -15    293    -70    345    592 
 -1997   1693   1199   -218   -612    181  -1785  -1146    484    -55    393    513 
 -1043    605    186     19   1223   -696    449     35      0    -73    328    588 
    -1    195   -232    293    126   -247   -178   -444    296    -58    309    592 
  -828     99   1053    476   -117    458  -1988  -1068    593    -43    382    460 
 -1997   1576    137   -211  -1491    841  -1645   -100    472    -72    337    595 
   621   -384   1274    503    849   -539    117   -178   -549    -63    294    586 
  -336      5    305     98   -350    105   -241   -381    917    -52    303    553 
 -1997   1998   -559   -563  -1093    217  -1910  -1079     -7    -45    339    505 
  -480     90    585   -143   1080   -244   -112    835    121    -55    315    582 
   190    586    176   -291   -419   -459   -389    160    226    -57    310    568 
 -1002     -7    609   -645   -593    278  -1988  -1988  -1126    -42    363    489 
 -1997    467    111   1037   -641    658   -354   -194    -22    -51    327    559 
  -128   -412   -123   1014    873   -648    117     86   -116    -58    291    567 
  -319     48    272   -112   -488    184   -533    -50   -576    -39    310    508 
 -1997   1556   -984    157  -1151   1123  -1988   -334    226    -36    328    517 
   433    290    193    473   1381  -1041     39    725     55    -43    274    559 
    64    494    175   -724   -334   -147   -487    371    230    -52    313    552 
 -1997   1096    474    -75   -124    550  -1988  -1988     66    -28    336    510 
 -1327    811    307   1144   -966   -836     70   -268    659    -48    286    585 
   -92    160    305    285   -418     28   -182    -15    293    -70    345    592 
 -1997   1693   1199   -218   -612    181  -1785  -1146    484    -55    393    513 
 -1043    605    186     19   1223   -696    449     35      0    -73    328    588 
    -1    195   -232    293    126   -247   -178   -444    296    -58    309    592 
  -828     99   1053    476   -117    458  -1988  -1068    593    -43    382    460 
 -1997   1576    137   -211  -1491    841  -1645   -100    472    -72    337    595 
   621   -384   1274    503    849   -539    117   -178   -549    -63    294    586 
  -336      5    305     98   -350    105   -241   -381    917    -52    303    553 
 -1997   1998   -559   -563  -1093    217  -1910  -1079     -7    -45    339    505 
  -480     90    585   -143   1080   -244   -112    835    121    -55    315    582 
   190    586    176   -291   -419   -459   -389    160    226    -57    310    568 
 -1002     -7    609   -645   -593    278  -1988  -1988  -1126    -42    363    489 
 -1997    467    111   1037   -641    658   -354   -194    -22    -51    327    559 
  -128   -412   -123   1014    873   -648    117     86   -116    -58    291    567 
  -319     48    272   -112   -488    184   -533    -50   -576    -39    310    508 
 -1997   1556   -984    157  -1151   1123  -1988   -334    226    -36    328    517 
   433    290    193    473   1381  -1041     39    725     55    -43    274    559 
    64    494    175   -724   -334   -147   -487    371    230    -52    313    552 
 -1997   1096    474    -75   -124    550  -1988  -1988     66    -28    336    510 
 -1327    811    307   1144   -966   -836     70   -268    659    -48    286    585 
   110    320    199   -717   1910   -788   -272    320    234    -34    259    544 
   319    151   -129   -816   -470   -188   -428      4    199    -27    304    517 
  -946    237   -827    383    -70    550  -1988  -1988   -650    -27    334    486 
 -1825     56    430   -628    807   -358     55   -338   -112    -51    292    576 
    73   -172      3    884     76   -772    281   -214   -217    -46    277    565 
  -279   -203    411   -363    -67    498   -237    -65   -416    -36    319    507 
 -1997   1308   -143   -861   -777    119  -1789   -689    269    -48    289    580 
   368   -548   1995   -422   1275  -1042    137    238   -381    -42    264    555 
  -246     37    172   -438   -453    203    -85     12     47    -43    280    559 
 -1997    650   -232   -639   -823    194  -1961  -1988     90    -36    336    516 
 -1008    423    114    471    -16    113    519    -85   1381    -43    264    576 
   418   -178   -649   1332    158   -526    133   -264     59    -33    259    534 
  -307    117   1165    544   -239    376  -1871   -416    725    -18    327    483 
 -1868   1241   -380    487   -360    624  -1801   -600    628    -34    271    558 
   346   -742    973    372   1318   -390    207    101   -272    -46    268    546 
  -275    309    402   -179   -353   -120   -163    199    382    -45    274    549 
 -1997   1998  -1070   -115   -509    481  -1988   -880    211    -33    355    501 
  -878    414    160  -1054   1199   -848    468    168    390    -37    249    574 
   246    195   -453    345    -81   -560      4   -327    -11    -36    267    538 
  -289     18    574    440    -19    522  -1988  -1477   -139    -40    343    540 
  -480     90    585   -143   1080   -244   -112    835    121    -55    315    582 
   190    586    176   -291   -419   -459   -389    160    226    -57    310    568 
 -1002     -7    609   -645   -593    278  -1988  -1988  -1126    -42    363    489 
 -1997    467    111   1037   -641    658   -354   -194    -22    -51    327    559 
  -128   -412   -123   1014    873   -648    117     86   -116    -58    291    567 
  -319     48    272   -112   -488    184   -533    -50   -576    -39    310    508 
 -1997   1556   -984    157  -1151   1123  -1988   -334    226    -36    328    517 
   433    290    193    473   1381  -1041     39    725     55    -43    274    559 
    64    494    175   -724   -334   -147   -487    371    230    -52    313    552 
 -1997   1096    474    -75   -124    550  -1988  -1988     66    -28    336    510 
 -1327    811    307   1144   -966   -836     70   -268    659    -48    286    585 
   110    320    199   -717   1910   -788   -272    320    234    -34    259    544 
   319    151   -129   -816   -470   -188   -428      4    199    -27    304    517 
  -946    237   -827    383    -70    550  -1988  -1988   -650    -27    334    486 
 -1825     56    430   -628    807   -358     55   -338   -112    -51    292    576 
    73   -172      3    884     76   -772    281   -214   -217    -46    277    565 
  -279   -203    411   -363    -67    498   -237    -65   -416    -36    319    507 
 -1997   1308   -143   -861   -777    119  -1789   -689    269    -48    289    580 
   368   -548   1995   -422   1275  -1042    137    238   -381    -42    264    555 
  -246     37    172   -438   -453    203    -85     12     47    -43    280    559 
 -1997    650   -232   -639   -823    194  -1961  -1988     90    -36    336    516 
 -1008    423    114    471    -16    113    519    -85   1381    -43    264    576 
   418   -178   -649   1332    158   -526    133   -264     59    -33    259    534 
  -307    117   1165    544   -239    376  -1871   -416    725    -18    327    483 
 -1868   1241   -380    487   -360    624  -1801   -600    628    -34    271    558 
   346   -742    973    372   1318   -390    207    101   -272    -46    268    546 
  -275    309    402   -179   -353   -120   -163    199    382    -45    274    549 
 -1997   1998  -1070   -115   -509    481  -1988   -880    211    -33    355    501 
  -878    414    160  -1054   1199   -848    468    168    390    -37    249    574 
   246    195   -453    345    -81   -560      4   -327    -11    -36    267    538 
  -289     18    574    440    -19    522  -1988  -1477   -139    -40    343    540 
   242   -160    816    -34    657  -1496   -202    320   -194    -43    268    565 
   -83    347    189  -1278   -737    386   -124   -553     62    -13    282    474 
 -1997   1998   -341  -1158  -1110    404  -1926   -978    -65    -30    300    510 
  -677    547    134  -1578   1518  -1355    550    257    608    -31    250    547 
   209    227   -853     29    433   -255    -15   -381    261    -48    273    543 
  -272    238   -563    322     18    357  -1988  -1582   1069    -19    334    492 
 -1997   1573    -47    960   -528    147  -1559   -124    464    -40    292    552 
   594   -232   1258    585    780   -412   -167    -42     -7    -33    249    541 
  -185     73    472   -675   -531    183   -139     23   -190    -31    298    463 
 -1997   1998   1998   -851  -1192    362  -1820   -487   -611    -25    337    498 
   -91    626   -254   -331    672     -9   -319    117   -186    -46    264    603 
   493    229   -226   -994   -543     12   -502   -264    394    -43    276    547 
  -833    594   -329     70   -235    451  -1988  -1988  -1072    -36    358    529 
 -1594    219    395   1119    -19    562   -132   -315    148    -57    279    591 
   -81   -336    -69    993    482   -499    203   -331   -112    -33    268    543 
  -259    142    751    213   -439    211  -1360  -1017   -529    -25    294    484 
 -1790   1998   -129    -72   -162    740  -1543   -120    620    -28    309    502 
   707   -122   1050   -515   1441   -782    -15    265    -11    -39    270    550 
   -82    212      4   -847   -337    217   -397     98    776    -27    295    514 
 -1997    650   -232   -639   -823    194  -1961  -1988     90    -36    336    516 
 -1008    423    114    471    -16    113    519    -85   1381    -43    264    576 
   418   -178   -649   1332    158   -526    133   -264     59    -33    259    534 
  -307    117   1165    544   -239    376  -1871   -416    725    -18    327    483 
 -1868   1241   -380    487   -360    624  -1801   -600    628    -34    271    558 
   346   -742    973    372   1318   -390    207    101   -272    -46    268    546 
  -275    309    402   -179   -353   -120   -163    199    382    -45    274    549 
 -1997   1998  -1070   -115   -509    481  -1988   -880    211    -33    355    501 
  -878    414    160  -1054   1199   -848    468    168    390    -37    249    574 
   246    195   -453    345    -81   -560      4   -327    -11    -36    267    538 
  -289     18    574    440    -19    522  -1988  -1477   -139    -40    343    540 
   242   -160    816    -34    657  -1496   -202    320   -194    -43    268    565 
   -83    347    189  -1278   -737    386   -124   -553     62    -13    282    474 
 -1997   1998   -341  -1158  -1110    404  -1926   -978    -65    -30    300    510 
  -677    547    134  -1578   1518  -1355    550    257    608    -31    250    547 
   209    227   -853     29    433   -255    -15   -381    261    -48    273    543 
  -272    238   -563    322     18    357  -1988  -1582   1069    -19    334    492 
 -1997   1573    -47    960   -528    147  -1559   -124    464    -40    292    552 
   594   -232   1258    585    780   -412   -167    -42     -7    -33    249    541 
  -185     73    472   -675   -531    183   -139     23   -190    -31    298    463 
 -1997   1998   1998   -851  -1192    362  -1820   -487   -611    -25    337    498 
   -91    626   -254   -331    672     -9   -319    117   -186    -46    264    603 
   493    229   -226   -994   -543     12   -502   -264    394    -43    276    547 
  -833    594   -329     70   -235    451  -1988  -1988  -1072    -36    358    529 
 -1594    219    395   1119    -19    562   -132   -315    148    -57    279    591 
   -81   -336    -69    993    482   -499    203   -331   -112    -33    268    543 
  -259    142    751    213   -439    211  -1360  -1017   -529    -25    294    484 
 -1790   1998   -129    -72   -162    740  -1543   -120    620    -28    309    502 
   707   -122   1050   -515   1441   -782    -15    265    -11    -39    270    550 
   -82    212      4   -847   -337    217   -397     98    776    -27    295    514 
 -1997   1998   1998    407   -250    381  -1625  -1161   -362    -28    327    514 
 -1997   1998    312    -58   -640    520  -1672  -1465   -272    -27    346    484 
  -689     52    159   -585   1222  -1002    335    277   1076    -57    274    576 
   204    144   -280    557   -447   -134    -38   -451     31    -40    273    516 
  -142    153   -230    472   -397    603  -1988  -1988   1330    -37    349    484 
 -1486   1532   -496    942   -431    884   -791   -463    257    -43    261    552 
   -50   -991    813  -1340   1626    -38    183   -498   -756    -34    270    523 
  -205     84    352   -492   -468    196   -253    168     16    -45    304    516 
 -1927   1998   -286  -1009   -600    650  -1848  -1274    -81    -31    364    483 
  -230    395     83   -812    772  -1131    179    382   1790    -45    252    577 
   337    230   -416    638    278   -520   -202   -323     62    -28    279    537 
  -417    139    119   -260   -593    601  -1988  -1988   -440    -30    349    486 
 -1997   1191    -15   1017   -447    432   -838   -295    113    -49    267    570 
    82   -289    204   -461   1042   -859    156   -307   -284    -40    253    559 
  -440    -66    823   -304   -682    120    113     39   -806    -28    282    484 
 -1997   1998    368   -642  -1389    802  -1664   -568   -362    -27    321    486 
   -81    712    270    200   1919   -972   -128    359    179    -46    250    570 
   391    118     -4  -1226   -560   -156   -600   -159    558    -25    283    508 
 -1128    607    180    183   -565    602  -1988  -1602    300     -7    333    447 
 -1997    805    -83   1324   -942    777   -518    -97    207    -28    265    543 
 -1997   1998   1998   -851  -1192    362  -1820   -487   -611    -25    337    498 
   -91    626   -254   -331    672     -9   -319    117   -186    -46    264    603 
   493    229   -226   -994   -543     12   -502   -264    394    -43    276    547 
  -833    594   -329     70   -235    451  -1988  -1988  -1072    -36    358    529 
 -1594    219    395   1119    -19    562   -132   -315    148    -57    279    591 
   -81   -336    -69    993    482   -499    203   -331   -112    -33    268    543 
  -259    142    751    213   -439    211  -1360  -1017   -529    -25    294    484 
 -1790   1998   -129    -72   -162    740  -1543   -120    620    -28    309    502 
   707   -122   1050   -515   1441   -782    -15    265    -11    -39    270    550 
   -82    212      4   -847   -337    217   -397     98    776    -27    295    514 
 -1997   1998   1998    407   -250    381  -1625  -1161   -362    -28    327    514 
 -1997   1998    312    -58   -640    520  -1672  -1465   -272    -27    346    484 
  -689     52    159   -585   1222  -1002    335    277   1076    -57    274    576 
   204    144   -280    557   -447   -134    -38   -451     31    -40    273    516 
  -142    153   -230    472   -397    603  -1988  -1988   1330    -37    349    484 
 -1486   1532   -496    942   -431    884   -791   -463    257    -43    261    552 
   -50   -991    813  -1340   1626    -38    183   -498   -756    -34    270    523 
  -205     84    352   -492   -468    196   -253    168     16    -45    304    516 
 -1927   1998   -286  -1009   -600    650  -1848  -1274    -81    -31    364    483 
  -230    395     83   -812    772  -1131    179    382   1790    -45    252    577 
   337    230   -416    638    278   -520   -202   -323     62    -28    279    537 
  -417    139    119   -260   -593    601  -1988  -1988   -440    -30    349    486 
 -1997   1191    -15   1017   -447    432   -838   -295    113    -49    267    570 
    82   -289    204   -461   1042   -859    156   -307   -284    -40    253    559 
  -440    -66    823   -304   -682    120    113     39   -806    -28    282    484 
 -1997   1998    368   -642  -1389    802  -1664   -568   -362    -27    321    486 
   -81    712    270    200   1919   -972   -128    359    179    -46    250    570 
   391    118     -4  -1226   -560   -156   -600   -159    558    -25    283    508 
 -1128    607    180    183   -565    602  -1988  -1602    300     -7    333    447 
 -1997    805    -83   1324   -942    777   -518    -97    207    -28    265    543 
   184   -249    174    857    425    -61      4   -116   -214    -31    252    546 
   163    129   -114    828    402   -494    125    -61   -272    -18    261    517 
  -529   -410    989   -401    -39    556  -1005   -857   -537    -10    318    459 
 -1997   1787    331   -319   -706    225  -1867   -194     23    -19    274    523 
   151    590    288  -1147   1072  -1025     78    261    289    -25    223    537 
    39     35     33    545   -137   -115   -295    -65    507    -16    259    480 
 -1997   1787   -438   -415  -1178    361  -1972  -1317    558    -13    327    409 
 -1412    705    124   1230     68   -118   -264     86   -120    -10    247    480 
   -68   -273    157   -173    816   -727   -217    105   -163    -19    261    487 
  -208    316    881   -296   -431    676   -518   -615   -253    -30    313    408 
 -1997    727    329   1381    -80   1445  -1364  -1005    269    -18    295    442 
   369   -374    783   -344   1254  -1098   -217    312    -58    -27    220    519 
    -7    366    159   -437   -878    456   -256   -307    675    -18    261    433 
 -1997   1998     98   -596   -788    343  -1571  -1072    -26    -18    307    424 
  -652    423    -11    288    165    -98    433     86    172    -27    213    522 
   -64     34   -387   -225    220   -189    -19   -405     62    -15    253    468 
 -1180   1113   -688    575   -439    663  -1988  -1988    129    -18    307    426 
 -1763   1434   -272    201   -510    836  -1103   -370    281    -19    271    471 
   235    380    930    393   1509   -992   -221    -38   -362    -31    223    517 
   -42      8    121  -1006   -451    498   -713   -444    242    -21    285    492 
   337    230   -416    638    278   -520   -202   -323     62    -28    279    537 
  -417    139    119   -260   -593    601  -1988  -1988   -440    -30    349    486 
 -1997   1191    -15   1017   -447    432   -838   -295    113    -49    267    570 
    82   -289    204   -461   1042   -859    156   -307   -284    -40    253    559 
  -440    -66    823   -304   -682    120    113     39   -806    -28    282    484 
 -1997   1998    368   -642  -1389    802  -1664   -568   -362    -27    321    486 
   -81    712    270    200   1919   -972   -128    359    179    -46    250    570 
   391    118     -4  -1226   -560   -156   -600   -159    558    -25    283    508 
 -1128    607    180    183   -565    602  -1988  -1602    300     -7    333    447 
 -1997    805    -83   1324   -942    777   -518    -97    207    -28    265    543 
   184   -249    174    857    425    -61      4   -116   -214    -31    252    546 
   163    129   -114    828    402   -494    125    -61   -272    -18    261    517 
  -529   -410    989   -401    -39    556  -1005   -857   -537    -10    318    459 
 -1997   1787    331   -319   -706    225  -1867   -194     23    -19    274    523 
   151    590    288  -1147   1072  -1025     78    261    289    -25    223    537 
    39     35     33    545   -137   -115   -295    -65    507    -16    259    480 
 -1997   1787   -438   -415  -1178    361  -1972  -1317    558    -13    327    409 
 -1412    705    124   1230     68   -118   -264     86   -120    -10    247    480 
   -68   -273    157   -173    816   -727   -217    105   -163    -19    261    487 
  -208    316    881   -296   -431    676   -518   -615   -253    -30    313    408 
 -1997    727    329   1381    -80   1445  -1364  -1005    269    -18    295    442 
   369   -374    783   -344   1254  -1098   -217    312    -58    -27    220    519 
    -7    366    159   -437   -878    456   -256   -307    675    -18    261    433 
 -1997   1998     98   -596   -788    343  -1571  -1072    -26    -18    307    424 
  -652    423    -11    288    165    -98    433     86    172    -27    213    522 
   -64     34   -387   -225    220   -189    -19   -405     62    -15    253    468 
 -1180   1113   -688    575   -439    663  -1988  -1988    129    -18    307    426 
 -1763   1434   -272    201   -510    836  -1103   -370    281    -19    271    471 
   235    380    930    393   1509   -992   -221    -38   -362    -31    223    517 
   -42      8    121  -1006   -451    498   -713   -444    242    -21    285    492 
 -1997   1998   1151   -362    -95    453  -1649  -1005   -385    -33    277    517 
 -1668   1721   -208    -34     19    546  -1325   -190     90    -36    294    526 
   258    -70   1278   -758   1446   -712     47   -128   -373    -49    238    570 
  -352   -130    189   -317   -808    -33    156   -171   -763    -30    300    474 
 -1039   1998    127   -369  -1142    639   -884  -1559    215    -42    367    465 
 -1295    970     53   -106    881  -1212   -409    257     43    -52    261    544 
   142     70    175    311    716   -702   -186   -260     -7    -48    256    553 
  -133   -180    140    146   -297    655  -1064  -1033   -381    -36    297    495 
 -1519   1555    138   -138  -1004    865  -1976  -1200    -65    -52    363    475 
  -269      8    -57  -1191   1073   -808    374    -73    238    -49    264    556 
  -226     17   -127    337    179   -283    -22    -85    164    -52    279    544 
 -1472    910    258   -157   -534    334  -1988  -1594   -713    -43    357    505 
 -1347    443    273    489   -238    657   -256     27    269    -60    289    580 
   151    542   -197   1010    528   -317    129   -175    -93    -49    273    556 
  -711    285    657    -46   -377    590  -1988  -1056    261    -42    327    501 
 -1487   1821     36    526   -863   1155  -1664   -576    230    -48    333    526 
   -21    -30     99   -531   1463   -911    550    109     31    -48    273    559 
  -225    287    621    104     97   -513   -217    -26    562    -33    307    513 
 -1997   1998   1508   -260   -859    563  -1980  -1087     90    -52    334    519 
  -777    316    284  -1062   1720  -1394     35    503    421    -48    291    577 
 -1997    727    329   1381    -80   1445  -1364  -1005    269    -18    295    442 
   369   -374    783   -344   1254  -1098   -217    312    -58    -27    220    519 
    -7    366    159   -437   -878    456   -256   -307    675    -18    261    433 
 -1997   1998     98   -596   -788    343  -1571  -1072    -26    -18    307    424 
  -652    423    -11    288    165    -98    433     86    172    -27    213    522 
   -64     34   -387   -225    220   -189    -19   -405     62    -15    253    468 
 -1180   1113   -688    575   -439    663  -1988  -1988    129    -18    307    426 
 -1763   1434   -272    201   -510    836  -1103   -370    281    -19    271    471 
   235    380    930    393   1509   -992   -221    -38   -362    -31    223    517 
   -42      8    121  -1006   -451    498   -713   -444    242    -21    285    492 
 -1997   1998   1151   -362    -95    453  -1649  -1005   -385    -33    277    517 
 -1668   1721   -208    -34     19    546  -1325   -190     90    -36    294    526 
   258    -70   1278   -758   1446   -712     47   -128   -373    -49    238    570 
  -352   -130    189   -317   -808    -33    156   -171   -763    -30    300    474 
 -1039   1998    127   -369  -1142    639   -884  -1559    215    -42    367    465 
 -1295    970     53   -106    881  -1212   -409    257     43    -52    261    544 
   142     70    175    311    716   -702   -186   -260     -7    -48    256    553 
  -133   -180    140    146   -297    655  -1064  -1033   -381    -36    297    495 
 -1519   1555    138   -138  -1004    865  -1976  -1200    -65    -52    363    475 
  -269      8    -57  -1191   1073   -808    374    -73    238    -49    264    556 
  -226     17   -127    337    179   -283    -22    -85    164    -52    279    544 
 -1472    910    258   -157   -534    334  -1988  -1594   -713    -43    357    505 
 -1347    443    273    489   -238    657   -256     27    269    -60    289    580 
   151    542   -197   1010    528   -317    129   -175    -93    -49    273    556 
  -711    285    657    -46   -377    590  -1988  -1056    261    -42    327    501 
 -1487   1821     36    526   -863   1155  -1664   -576    230    -48    333    526 
   -21    -30     99   -531   1463   -911    550    109     31    -48    273    559 
  -225    287    621    104     97   -513   -217    -26    562    -33    307    513 
 -1997   1998   1508   -260   -859    563  -1980  -1087     90    -52    334    519 
  -777    316    284  -1062   1720  -1394     35    503    421    -48    291    577 
    52    358   -261    174    -90   -604     20    195    113    -49    286    555 
  -270    151     33     44    632   -918    234     23   -498    -27    277    537 
  -520    336    995   -650   -647    542  -1399   -490    534    -36    331    481 
 -1663    905     81   -401   -786    717  -1512  -1243    413    -36    279    526 
    66    -33    175    143   1122  -1031    101   -100   -295    -30    235    559 
   -47    208    166   -474   -333    324   -619   -116    858    -43    286    538 
 -1502    839    179   -546  -1135    735  -1961   -841   -908    -52    408    460 
 -1510   1224    458    866   -680   1165   -288   -116    351    -51    273    574 
  -187    -14   -172    644   1362  -1117    324      8   -451    -36    258    537 
  -485    417    570   -113    -57    351  -1033   -490   -627    -37    327    519 
 -1638   1197   -293    792   -383   1217  -1898   -884   -112    -39    313    498 
  -136   -233    668   -280   1494  -1243    355    -81   -373    -34    229    550 
  -106    141    144   -487   -631   -539   -323    -89    484    -31    273    516 
 -1997   1998   -385     88  -1187    668  -1906  -1177   -249    -22    327    439 
  -709    701    222   -156    863  -1419    265    125   1162    -37    217    556 
   330   -163   -544  -1343    181   -486   -256    -97    445    -27    259    517 
   -52      5   -186    573   -225    448  -1988  -1988   -272    -22    289    453 
 -1968   1583    -84    731  -1047   1833  -1286   -849     74    -22    319    465 
   236   -262    787   -423   1647  -1191   -225     98    -65    -37    256    567 
   -38    460     90   -423   -484    353   -210    160     55    -28    297    516 
  -226     17   -127    337    179   -283    -22    -85    164    -52    279    544 
 -1472    910    258   -157   -534    334  -1988  -1594   -713    -43    357    505 
 -1347    443    273    489   -238    657   -256     27    269    -60    289    580 
   151    542   -197   1010    528   -317    129   -175    -93    -49    273    556 
  -711    285    657    -46   -377    590  -1988  -1056    261    -42    327    501 
 -1487   1821     36    526   -863   1155  -1664   -576    230    -48    333    526 
   -21    -30     99   -531   1463   -911    550    109     31    -48    273    559 
  -225    287    621    104     97   -513   -217    -26    562    -33    307    513 
 -1997   1998   1508   -260   -859    563  -1980  -1087     90    -52    334    519 
  -777    316    284  -1062   1720  -1394     35    503    421    -48    291    577 
    52    358   -261    174    -90   -604     20    195    113    -49    286    555 
  -270    151     33     44    632   -918    234     23   -498    -27    277    537 
  -520    336    995   -650   -647    542  -1399   -490    534    -36    331    481 
 -1663    905     81   -401   -786    717  -1512  -1243    413    -36    279    526 
    66    -33    175    143   1122  -1031    101   -100   -295    -30    235    559 
   -47    208    166   -474   -333    324   -619   -116    858    -43    286    538 
 -1502    839    179   -546  -1135    735  -1961   -841   -908    -52    408    460 
 -1510   1224    458    866   -680   1165   -288   -116    351    -51    273    574 
  -187    -14   -172    644   1362  -1117    324      8   -451    -36    258    537 
  -485    417    570   -113    -57    351  -1033   -490   -627    -37    327    519 
 -1638   1197   -293    792   -383   1217  -1898   -884   -112    -39    313    498 
  -136   -233    668   -280   1494  -1243    355    -81   -373    -34    229    550 
  -106    141    144   -487   -631   -539   -323    -89    484    -31    273    516 
 -1997   1998   -385     88  -1187    668  -1906  -1177   -249    -22    327    439 
  -709    701    222   -156    863  -1419    265    125   1162    -37    217    556 
   330   -163   -544  -1343    181   -486   -256    -97    445    -27    259    517 
   -52      5   -186    573   -225    448  -1988  -1988   -272    -22    289    453 
 -1968   1583    -84    731  -1047   1833  -1286   -849     74    -22    319    465 
   236   -262    787   -423   1647  -1191   -225     98    -65    -37    256    567 
   -38    460     90   -423   -484    353   -210    160     55    -28    297    516 
 -1997   1998   1998   -330   -649    799  -1462  -1485   -529    -37    297    544 
 -1578    864   -296   1190   -398   1198   -264   -483      8    -61    312    603 
  -213   -283   -173   1794    725   -562    230    -93   -120    -43    288    573 
  -164    258    479   -313   -960    197   -958  -1118   -834    -43    354    510 
 -1827   1341   -212    873   -386   1375  -1103   -923   -182    -51    313    558 
   117   -482   1214   -890   1631  -1403     59    187   -315    -51    279    574 
  -274    255    572   -311   -774      4   -370    -93   -202    -30    342    493 
 -1997   1998    668   -649  -1206    725  -1516  -1130   -268    -57    406    471 
  -754    224     37   -825   1994  -1258    261    113   1190    -64    295    604 
  -105     68   -262    284    -88   -331    101      0    -69    -45    324    562 
 -1087    927    184    318   -478    430  -1988  -1988   1837    -42    372    529 
  -950    972     -7   1012   -511    959    113   -494    195    -64    265    612 
  -285   -235   -112   1309    989   -696    211   -128    -89    -37    318    550 
   -37    308    591    529  -1186    543  -1988  -1988    250    -31    354    496 
 -1557   1592   -238    340   -463   1413   -939   -198    191    -51    345    559 
   378   -430    942    510   1392   -680    -19   -432   -256    -67    294    600 
  -120   -195    -70   -560   -323   -167  -1387  -1185    168    -60    354    571 
 -1916   1342   -359   1368   -647    826   -580  -1161    296    -55    286    600 
  -240   -688   -139    869    446   -333    179    137   -159    -61    322    577 
  -144    572    574   -527   -273    135   -935   -401   -802    -43    346    522 
   396   -172   -309  -1146   -521     76    -69    176     74    -78    298    615 
   254    343    -83    696   -104    483  -1473   -194    546    -64    321    553 
 -1821    547   -267   -631   -212    883   -631   -916    367    -90    283    625 
   -43   -288   -542    505   1406  -1333    254    211    -73    -84    319    616 
  -433    433    841    981   -391    155   -912   -366   -713    -72    349    576 
 -1997   1365   -209   -643     40    465   -596   -128    187    -76    285    625 
   334     50     52    246    439   -434   -139     66     43    -72    289    607 
  -149    271    382   -751   -399    274   -951   -463   -799    -55    330    547 
 -1824   1581   -872   -549   -108    563  -1290   -428    168    -90    336    615 
   403   -326    754    975    725   -357   -221   -147    113    -79    319    607 
   120     24     16  -1028   -564    118   -787   -565   -635    -61    345    558 
 -1802   1998     62    -33   -416    424  -1274   -319    328    -91    327    642 
   640   -262    838   -809   1301   -613   -288    -89    -69    -78    307    636 
   151    145   -129   -704   -291    301   -510   -233   -186    -82    343    600 
 -1997   1998   -300   -935    -49    500  -1727   -748     82    -97    346    604 
   168     -9    623   -935   1693   -918     27     27   -116    -99    322    639 
   186    288   -229   -223   -215    100   -611    -38   1533    -72    346    574 
 -1997   1998      4    151   -443    570  -1941  -1727   -869    -91    357    607 
  -483   -148     -7   -977   1337   -506    710    320    675    -96    318    643 
  -211      0     85     64   -215   -496     70   -198    -73    -81    334    589 
   110    320    199   -717   1910   -788   -272    320    234    -34    259    544 
   319    151   -129   -816   -470   -188   -428      4    199    -27    304    517 
  -946    237   -827    383    -70    550  -1988  -1988   -650    -27    334    486 
 -1825     56    430   -628    807   -358     55   -338   -112    -51    292    576 
    73   -172      3    884     76   -772    281   -214   -217    -46    277    565 
  -279   -203    411   -363    -67    498   -237    -65   -416    -36    319    507 
 -1997   1308   -143   -861   -777    119  -1789   -689    269    -48    289    580 
   368   -548   1995   -422   1275  -1042    137    238   -381    -42    264    555 
  -246     37    172   -438   -453    203    -85     12     47    -43    280    559 
 -1997    650   -232   -639   -823    194  -1961  -1988     90    -36    336    516 
 -1008    423    114    471    -16    113    519    -85   1381    -43    264    576 
   418   -178   -649   1332    158   -526    133   -264     59    -33    259    534 
  -307    117   1165    544   -239    376  -1871   -416    725    -18    327    483 
 -1868   1241   -380    487   -360    624  -1801   -600    628    -34    271    558 
   346   -742    973    372   1318   -390    207    101   -272    -46    268    546 
  -275    309    402   -179   -353   -120   -163    199    382    -45    274    549 
 -1997   1998  -1070   -115   -509    481  -1988   -880    211    -33    355    501 
  -878    414    160  -1054   1199   -848    468    168    390    -37    249    574 
   246    195   -453    345    -81   -560      4   -327    -11    -36    267    538 
  -289     18    574    440    -19    522  -1988  -1477   -139    -40    343    540 
   242   -160    816    -34    657  -1496   -202    320   -194    -43    268    565 
   -83    347    189  -1278   -737    386   -124   -553     62    -13    282    474 
 -1997   1998   -341  -1158  -1110    404  -1926   -978    -65    -30    300    510 
  -677    547    134  -1578   1518  -1355    550    257    608    -31    250    547 
   209    227   -853     29    433   -255    -15   -381    261    -48    273    543 
  -272    238   -563    322     18    357  -1988  -1582   1069    -19    334    492 
 -1997   1573    -47    960   -528    147  -1559   -124    464    -40    292    552 
   594   -232   1258    585    780   -412   -167    -42     -7    -33    249    541 
  -185     73    472   -675   -531    183   -139     23   -190    -31    298    463 
   396   -172   -309  -1146   -521     76    -69    176     74    -78    298    615 
   254    343    -83    696   -104    483  -1473   -194    546    -64    321    553 
 -1821    547   -267   -631   -212    883   -631   -916    367    -90    283    625 
   -43   -288   -542    505   1406  -1333    254    211    -73    -84    319    616 
  -433    433    841    981   -391    155   -912   -366   -713    -72    349    576 
 -1997   1365   -209   -643     40    465   -596   -128    187    -76    285    625 
   334     50     52    246    439   -434   -139     66     43    -72    289    607 
  -149    271    382   -751   -399    274   -951   -463   -799    -55    330    547 
 -1824   1581   -872   -549   -108    563  -1290   -428    168    -90    336    615 
   403   -326    754    975    725   -357   -221   -147    113    -79    319    607 
   120     24     16  -1028   -564    118   -787   -565   -635    -61    345    558 
 -1802   1998     62    -33   -416    424  -1274   -319    328    -91    327    642 
   640   -262    838   -809   1301   -613   -288    -89    -69    -78    307    636 
   151    145   -129   -704   -291    301   -510   -233   -186    -82    343    600 
 -1997   1998   -300   -935    -49    500  -1727   -748     82    -97    346    604 
   168     -9    623   -935   1693   -918     27     27   -116    -99    322    639 
   186    288   -229   -223   -215    100   -611    -38   1533    -72    346    574 
 -1997   1998      4    151   -443    570  -1941  -1727   -869    -91    357    607 
  -483   -148     -7   -977   1337   -506    710    320    675    -96    318    643 
  -211      0     85     64   -215   -496     70   -198    -73    -81    334    589 
 -1993    840   -306   -788   -243    431   -923   -307    234    -84    333    615 
   280    105   -389   -305   1730  -1261    -97    234      8    -85    324    625 
  -167    203    464   -250   -450    136   -178   -350   1018    -54    337    541 
 -1997   1998  -1998  -1209   -929    540  -1969   -346   -358    -79    333    615 
  -250    346    442   -780   1597   -546    343    242     74    -76    280    618 
   235    138   -279   -314   -441   -410    -93   -409    117    -61    319    585 
 -1767     73     57   -723   -798    454  -1969  -1988   -194    -64    370    553 
  -774     26    158    487    723   -207    133    -58    -89    -85    303    625 
  -381     74     77    844     58   -207    281   -167   -342    -69    330    588 
  -229     97   -216   -217   -778     97  -1988  -1988   1755    -57    369    559 
 -1997    622     25   -470    -17    939   -366   -416    109    -87    325    634 
    65   -167     27    162     57   -405     51   -175   -420    -73    315    615 
  -809    198   1998   -395   -637    246   -849   -389   -416    -61    355    543 
 -1962   1290   -396   -934   -291    555   -978   -623    293    -84    331    604 
   583   -322    207   -730   1431  -1164   -210    277     23    -70    330    595 
    90    218   -326   -923   -690    294   -487  -1481  -1988    -54    361    538 
 -1997    774   -631    353   -264    815   -654   -697    195    -60    309    598 
   482   -396    677     75    724   -853     59   -229   -190    -49    276    576 
  -507     10    424  -1434   -254    -67  -1988  -1618    417    -45    336    544 
 -1303    760    155    113    171    429   -370   -210     -7    -60    318    577 
   242   -160    816    -34    657  -1496   -202    320   -194    -43    268    565 
   -83    347    189  -1278   -737    386   -124   -553     62    -13    282    474 
 -1997   1998   -341  -1158  -1110    404  -1926   -978    -65    -30    300    510 
  -677    547    134  -1578   1518  -1355    550    257    608    -31    250    547 
   209    227   -853     29    433   -255    -15   -381    261    -48    273    543 
  -272    238   -563    322     18    357  -1988  -1582   1069    -19    334    492 
 -1997   1573    -47    960   -528    147  -1559   -124    464    -40    292    552 
   594   -232   1258    585    780   -412   -167    -42     -7    -33    249    541 
  -185     73    472   -675   -531    183   -139     23   -190    -31    298    463 
   403   -326    754    975    725   -357   -221   -147    113    -79    319    607 
   120     24     16  -1028   -564    118   -787   -565   -635    -61    345    558 
 -1802   1998     62    -33   -416    424  -1274   -319    328    -91    327    642 
   640   -262    838   -809   1301   -613   -288    -89    -69    -78    307    636 
   151    145   -129   -704   -291    301   -510   -233   -186    -82    343    600 
 -1997   1998   -300   -935    -49    500  -1727   -748     82    -97    346    604 
   168     -9    623   -935   1693   -918     27     27   -116    -99    322    639 
   186    288   -229   -223   -215    100   -611    -38   1533    -72    346    574 
 -1997   1998      4    151   -443    570  -1941  -1727   -869    -91    357    607 
  -483   -148     -7   -977   1337   -506    710    320    675    -96    318    643 
  -211      0     85     64   -215   -496     70   -198    -73    -81    334    589 
 -1993    840   -306   -788   -243    431   -923   -307    234    -84    333    615 
   280    105   -389   -305   1730  -1261    -97    234      8    -85    324    625 
  -167    203    464   -250   -450    136   -178   -350   1018    -54    337    541 
 -1997   1998  -1998  -1209   -929    540  -1969   -346   -358    -79    333    615 
  -250    346    442   -780   1597   -546    343    242     74    -76    280    618 
   235    138   -279   -314   -441   -410    -93   -409    117    -61    319    585 
 -1767     73     57   -723   -798    454  -1969  -1988   -194    -64    370    553 
  -774     26    158    487    723   -207    133    -58    -89    -85    303    625 
  -381     74     77    844     58   -207    281   -167   -342    -69    330    588 
  -229     97   -216   -217   -778     97  -1988  -1988   1755    -57    369    559 
 -1997    622     25   -470    -17    939   -366   -416    109    -87    325    634 
    65   -167     27    162     57   -405     51   -175   -420    -73    315    615 
  -809    198   1998   -395   -637    246   -849   -389   -416    -61    355    543 
 -1962   1290   -396   -934   -291    555   -978   -623    293    -84    331    604 
   583   -322    207   -730   1431  -1164   -210    277     23    -70    330    595 
    90    218   -326   -923   -690    294   -487  -1481  -1988    -54    361    538 
 -1997    774   -631    353   -264    815   -654   -697    195    -60    309    598 
   482   -396    677     75    724   -853     59   -229   -190    -49    276    576 
  -507     10    424  -1434   -254    -67  -1988  -1618    417    -45    336    544 
 -1303    760    155    113    171    429   -370   -210     -7    -60    318    577 
  -409     28   -526    138   -892    375  -1988  -1988  -1988    -97    412    603 
 -1914    450   1410    830     76    109    476   -541    -22   -103    363    654 
    51   -188   -116   1807  -1125    102     20     94    101   -103    411    585 
  -954    523    618   -503   -577    667  -1988  -1988     16    -90    409    567 
 -1414    380    185    939    120    206   -245    -22     39   -123    381    651 
    60     -6    -91    887    268   -146    -19    -97    207   -109    384    637 
  -481   -250     71   -220   -707    448  -1988   -912   1490    -94    426    558 
 -1931    902   -277    -71   -582    351   -627   -635    222   -111    375    637 
   268   -676   1232    336   1424   -178   -284    -69    -38   -106    385    630 
   111    -32   -100   -116   -795    363   -857   -475    109   -103    378    609 
 -1884   1948   -380   -296   -456    635  -1567   -440    343   -114    396    616 
   333     71    709   -698   1742   -900   -389     78    -50   -129    364    666 
   250    168   -225   -566   -191     24    -89    -15    425    -85    393    586 
 -1997   1998  -1671   -197     -3    346  -1481   -526    -81   -124    378    658 
   249   -174   1998    158   1536   -549   -479     98   -178   -111    387    631 
   218    143     21  -1125  -1010   -152   -299  -1009    952    -94    372    624 
 -1997   1998   1592    544  -1125    553  -1341  -1653   -412   -108    415    601 
    18   -189    231    955    344   -926    -11   -292   -475   -105    348    658 
     4    239     24   -235   -664    392   -139   -190    628    -96    391    601 
  -229     97   -216   -217   -778     97  -1988  -1988   1755    -57    369    559 
 -1997    622     25   -470    -17    939   -366   -416    109    -87    325    634 
    65   -167     27    162     57   -405     51   -175   -420    -73    315    615 
  -809    198   1998   -395   -637    246   -849   -389   -416    -61    355    543 
 -1962   1290   -396   -934   -291    555   -978   -623    293    -84    331    604 
   583   -322    207   -730   1431  -1164   -210    277     23    -70    330    595 
    90    218   -326   -923   -690    294   -487  -1481  -1988    -54    361    538 
 -1997    774   -631    353   -264    815   -654   -697    195    -60    309    598 
   482   -396    677     75    724   -853     59   -229   -190    -49    276    576 
  -507     10    424  -1434   -254    -67  -1988  -1618    417    -45    336    544 
 -1303    760    155    113    171    429   -370   -210     -7    -60    318    577 
  -409     28   -526    138   -892    375  -1988  -1988  -1988    -97    412    603 
 -1914    450   1410    830     76    109    476   -541    -22   -103    363    654 
    51   -188   -116   1807  -1125    102     20     94    101   -103    411    585 
  -954    523    618   -503   -577    667  -1988  -1988     16    -90    409    567 
 -1414    380    185    939    120    206   -245    -22     39   -123    381    651 
    60     -6    -91    887    268   -146    -19    -97    207   -109    384    637 
  -481   -250     71   -220   -707    448  -1988   -912   1490    -94    426    558 
 -1931    902   -277    -71   -582    351   -627   -635    222   -111    375    637 
   268   -676   1232    336   1424   -178   -284    -69    -38   -106    385    630 
   111    -32   -100   -116   -795    363   -857   -475    109   -103    378    609 
 -1884   1948   -380   -296   -456    635  -1567   -440    343   -114    396    616 
   333     71    709   -698   1742   -900   -389     78    -50   -129    364    666 
   250    168   -225   -566   -191     24    -89    -15    425    -85    393    586 
 -1997   1998  -1671   -197     -3    346  -1481   -526    -81   -124    378    658 
   249   -174   1998    158   1536   -549   -479     98   -178   -111    387    631 
   218    143     21  -1125  -1010   -152   -299  -1009    952    -94    372    624 
 -1997   1998   1592    544  -1125    553  -1341  -1653   -412   -108    415    601 
    18   -189    231    955    344   -926    -11   -292   -475   -105    348    658 
     4    239     24   -235   -664    392   -139   -190    628    -96    391    601 
 -1997   1320  -1132   -398  -1064    538  -1937  -1641   -962    -91    397    594 
  -270   -384    802   -561   1819   -705     43    484   -292    -93    378    634 
     5    647    127   -170   -467   -139     12   -475    410    -76    355    601 
 -1997   1998  -1071     25   -840    609  -1738  -1060   -171    -99    427    558 
    -9    237    493   -666   1417  -1437     62   -264    753    -78    327    633 
   207   -147   -644   -306   -339    293    -34     70    -22   -100    376    630 
 -1997   1414    273    684   -135    287  -1582  -1867  -1095    -82    361    619 
  -903    522    572    630   -373     85   -241    445    320   -109    342    652 
   202    436    174    108   -111   -309    176   -315    -81    -67    336    600 
  -526     21   -451     11   -854    511  -1988  -1988  -1988    -81    412    562 
 -1406    942    -48    743      9    396   -732    581   1989   -118    333    693 
   651    -65   -599    708    574   -381    312   -280    125    -93    321    642 
  -619   -148    780    604     78   -232   -721   -537   1092    -64    396    547 
 -1383    634   -247   1167   -936   1279  -1185  -1204    515    -75    369    577 
   -89   -712    839   1627   1113   -159     78    125   -338    -88    331    640 
   -21    298    234   -637   -624   -133   -292    -69    737    -76    354    600 
 -1997   1998   -947   -292   -967    407  -1520   -810   -299    -76    384    574 
  -127    246    125    213    354     50    133    507    527    -93    351    630 
   119    -28    -69   -621   -332    186     74   -256    199    -72    361    579 
 -1997   1012    130    -23   -497     22  -1345  -1988   -670    -75    402    561 
   111    -32   -100   -116   -795    363   -857   -475    109   -103    378    609 
 -1884   1948   -380   -296   -456    635  -1567   -440    343   -114    396    616 
   333     71    709   -698   1742   -900   -389     78    -50   -129    364    666 
   250    168   -225   -566   -191     24    -89    -15    425    -85    393    586 
 -1997   1998  -1671   -197     -3    346  -1481   -526    -81   -124    378    658 
   249   -174   1998    158   1536   -549   -479     98   -178   -111    387    631 
   218    143     21  -1125  -1010   -152   -299  -1009    952    -94    372    624 
 -1997   1998   1592    544  -1125    553  -1341  -1653   -412   -108    415    601 
    18   -189    231    955    344   -926    -11   -292   -475   -105    348    658 
     4    239     24   -235   -664    392   -139   -190    628    -96    391    601 
 -1997   1320  -1132   -398  -1064    538  -1937  -1641   -962    -91    397    594 
  -270   -384    802   -561   1819   -705     43    484   -292    -93    378    634 
     5    647    127   -170   -467   -139     12   -475    410    -76    355    601 
 -1997   1998  -1071     25   -840    609  -1738  -1060   -171    -99    427    558 
    -9    237    493   -666   1417  -1437     62   -264    753    -78    327    633 
   207   -147   -644   -306   -339    293    -34     70    -22   -100    376    630 
 -1997   1414    273    684   -135    287  -1582  -1867  -1095    -82    361    619 
  -903    522    572    630   -373     85   -241    445    320   -109    342    652 
   202    436    174    108   -111   -309    176   -315    -81    -67    336    600 
  -526     21   -451     11   -854    511  -1988  -1988  -1988    -81    412    562 
 -1406    942    -48    743      9    396   -732    581   1989   -118    333    693 
   651    -65   -599    708    574   -381    312   -280    125    -93    321    642 
  -619   -148    780    604     78   -232   -721   -537   1092    -64    396    547 
 -1383    634   -247   1167   -936   1279  -1185  -1204    515    -75    369    577 
   -89   -712    839   1627   1113   -159     78    125   -338    -88    331    640 
   -21    298    234   -637   -624   -133   -292    -69    737    -76    354    600 
 -1997   1998   -947   -292   -967    407  -1520   -810   -299    -76    384    574 
  -127    246    125    213    354     50    133    507    527    -93    351    630 
   119    -28    -69   -621   -332    186     74   -256    199    -72    361    579 
 -1997   1012    130    -23   -497     22  -1345  -1988   -670    -75    402    561 
  -370    -88    -58    470     76   -412   -178    308   1190   -118    345    669 
  -683    925     59    124    251   -422   -802   -397     66    -70    364    585 
  -790    591     74   -199    293   -152   -810   -545    -15    -73    357    583 
  -780    609    -42    197     81    -62   -791   -545    -38    -79    351    597 
  -848    487     -4    -56     75      9   -838   -549    -89    -70    346    598 
  -901    580    -33     38    120    -63   -697   -514   -120    -85    333    628 
  -844    823    531    -19    362   -216   -373   -814   -346    -76    321    606 
  -880    232   -364    133   -895    371  -1212   -514   -370    -88    403    546 
 -1997   1831   -312    -52    499    104   -994   -514    140    -96    333    657 
  -408    132   -331   1372    840   -511    144    -50   -260    -90    310    613 
  -130     85    221  -1163   -378   -242   -373   -459   -884    -76    342    606 
 -1997   1998   -317   -264  -1106    702  -1731  -1192    -26    -75    379    567 
  -105     31    305    238    521   -556     62   -151    -15    -85    304    646 
   126     97    -62   -442   -267    -59   -467    -61    967    -85    354    597 
 -1997   1998   1141   -910   -944    618  -1988  -1575   -315    -75    375    571 
  -901    413    396   -236    123   -104    -65     86    137    -91    325    654 
  -151    140   -319    716    489    123    207    105   -338    -76    337    600 
  -744    341     84      2   -318      0  -1988  -1988    780    -69    369    559 
 -1684    995    456    886   -290    625   -366    -15    550    -93    318    646 
   310    115   -640   -343    640   -402    437   -639    105    -60    307    594 
 -1406    942    -48    743      9    396   -732    581   1989   -118    333    693 
   651    -65   -599    708    574   -381    312   -280    125    -93    321    642 
  -619   -148    780    604     78   -232   -721   -537   1092    -64    396    547 
 -1383    634   -247   1167   -936   1279  -1185  -1204    515    -75    369    577 
   -89   -712    839   1627   1113   -159     78    125   -338    -88    331    640 
   -21    298    234   -637   -624   -133   -292    -69    737    -76    354    600 
 -1997   1998   -947   -292   -967    407  -1520   -810   -299    -76    384    574 
  -127    246    125    213    354     50    133    507    527    -93    351    630 
   119    -28    -69   -621   -332    186     74   -256    199    -72    361    579 
 -1997   1012    130    -23   -497     22  -1345  -1988   -670    -75    402    561 
  -370    -88    -58    470     76   -412   -178    308   1190   -118    345    669 
  -683    925     59    124    251   -422   -802   -397     66    -70    364    585 
  -790    591     74   -199    293   -152   -810   -545    -15    -73    357    583 
  -780    609    -42    197     81    -62   -791   -545    -38    -79    351    597 
  -848    487     -4    -56     75      9   -838   -549    -89    -70    346    598 
  -901    580    -33     38    120    -63   -697   -514   -120    -85    333    628 
  -844    823    531    -19    362   -216   -373   -814   -346    -76    321    606 
  -880    232   -364    133   -895    371  -1212   -514   -370    -88    403    546 
 -1997   1831   -312    -52    499    104   -994   -514    140    -96    333    657 
  -408    132   -331   1372    840   -511    144    -50   -260    -90    310    613 
  -130     85    221  -1163   -378   -242   -373   -459   -884    -76    342    606 
 -1997   1998   -317   -264  -1106    702  -1731  -1192    -26    -75    379    567 
  -105     31    305    238    521   -556     62   -151    -15    -85    304    646 
   126     97    -62   -442   -267    -59   -467    -61    967    -85    354    597 
 -1997   1998   1141   -910   -944    618  -1988  -1575   -315    -75    375    571 
  -901    413    396   -236    123   -104    -65     86    137    -91    325    654 
  -151    140   -319    716    489    123    207    105   -338    -76    337    600 
  -744    341     84      2   -318      0  -1988  -1988    780    -69    369    559 
 -1684    995    456    886   -290    625   -366    -15    550    -93    318    646 
   310    115   -640   -343    640   -402    437   -639    105    -60    307    594 
  -610    263   1460   -635   -226   -465  -1988   -853   1006    -57    384    562 
    57    -37    281   -640   1034   -902   -256   -217   -483    -93    285    652 
   119    287    -52    317   -311     12   -186     78    456    -64    325    585 
 -1997   1998    -42   -600   -757    780  -1887  -1692   -561    -46    355    540 
  -469    299    261  -2001   1286  -1097   -529    406    624    -87    315    639 
   308     64   -368   -223   -128    -99    117   -381    121    -67    333    601 
 -1292    176     37    -13   -196    105  -1988  -1988    784    -58    372    549 
 -1315    663   -132    102    405   -145    101   -295    612    -91    324    634 
   -28   -161   -134    984    376   -296    328   -100    -81    -82    322    624 
  -421    -99    540   -615     18    -53  -1438   -358    -77    -70    369    583 
 -1997   1721   -414   -741   -232    412  -1036   -370    257    -82    318    634 
  -199   -189    357   -976   1205   -817     66    351   -128    -84    315    640 
    92    674    859    764   -937    113   -611    -22  -1001    -52    315    585 
 -1997   1351   -837  -1470     19    189  -1805   -986    207    -52    354    565 
  -451   -109    571   -259   1975  -1039    519    293   -155    -85    300    651 
   -76     82    155   -289   -473   -149   -623     23   1080    -72    352    594 
 -1997   1998  -1296    -93   -654     90  -1282   -705   -721    -63    358    573 
  -158    479    456   -794   1839  -1360   -221   1069    909    -85    325    637 
   352    235    -59   -842    -30    -98     27   -210    226    -70    306    615 
 -1997    980    384   -473   -166    284  -1501  -1894   -327    -55    393    544 
  -130     85    221  -1163   -378   -242   -373   -459   -884    -76    342    606 
 -1997   1998   -317   -264  -1106    702  -1731  -1192    -26    -75    379    567 
  -105     31    305    238    521   -556     62   -151    -15    -85    304    646 
   126     97    -62   -442   -267    -59   -467    -61    967    -85    354    597 
 -1997   1998   1141   -910   -944    618  -1988  -1575   -315    -75    375    571 
  -901    413    396   -236    123   -104    -65     86    137    -91    325    654 
  -151    140   -319    716    489    123    207    105   -338    -76    337    600 
  -744    341     84      2   -318      0  -1988  -1988    780    -69    369    559 
 -1684    995    456    886   -290    625   -366    -15    550    -93    318    646 
   310    115   -640   -343    640   -402    437   -639    105    -60    307    594 
  -610    263   1460   -635   -226   -465  -1988   -853   1006    -57    384    562 
    57    -37    281   -640   1034   -902   -256   -217   -483    -93    285    652 
   119    287    -52    317   -311     12   -186     78    456    -64    325    585 
 -1997   1998    -42   -600   -757    780  -1887  -1692   -561    -46    355    540 
  -469    299    261  -2001   1286  -1097   -529    406    624    -87    315    639 
   308     64   -368   -223   -128    -99    117   -381    121    -67    333    601 
 -1292    176     37    -13   -196    105  -1988  -1988    784    -58    372    549 
 -1315    663   -132    102    405   -145    101   -295    612    -91    324    634 
   -28   -161   -134    984    376   -296    328   -100    -81    -82    322    624 
  -421    -99    540   -615     18    -53  -1438   -358    -77    -70    369    583 
 -1997   1721   -414   -741   -232    412  -1036   -370    257    -82    318    634 
  -199   -189    357   -976   1205   -817     66    351   -128    -84    315    640 
    92    674    859    764   -937    113   -611    -22  -1001    -52    315    585 
 -1997   1351   -837  -1470     19    189  -1805   -986    207    -52    354    565 
  -451   -109    571   -259   1975  -1039    519    293   -155    -85    300    651 
   -76     82    155   -289   -473   -149   -623     23   1080    -72    352    594 
 -1997   1998  -1296    -93   -654     90  -1282   -705   -721    -63    358    573 
  -158    479    456   -794   1839  -1360   -221   1069    909    -85    325    637 
   352    235    -59   -842    -30    -98     27   -210    226    -70    306    615 
 -1997    980    384   -473   -166    284  -1501  -1894   -327    -55    393    544 
  -750    475    229    523   -586    923   -233      8    558    -96    328    667 
   177    294    175   -945   -794    256   -385     12    226    -61    346    582 
 -1997   1002     51  -1311   -869    320  -1559  -1169   -615    -46    360    564 
 -1141    542    178   -853    664   -429     31   -545   1022    -87    309    657 
    55   -340   -161   -160    383   -285    129    -65     35    -81    328    636 
   141    185    161     79   -255    180  -1988  -1980   -736    -52    354    597 
 -1395    930   -129   -539     23   -101    -19   -670     -3    -91    262    679 
   239   -423   -215    236   -221    446    -34   -522    218    -63    292    627 
    37   -257   -129    540   -895    413  -1988  -1372   -444    -42    357    565 
 -1590    655    -50    343   -166    596    -22    133    928    -60    307    624 
   140   -336   -129    157   1394   -408     74   -533    101    -54    313    592 
  -134   -208   -243    109    -91    237  -1988  -1988     94    -54    376    571 
 -1687   1215    -70    598   -962   1030   -908   -416    554    -82    354    631 
   259   -475     15    349    384    187    222   -522     51    -64    327    600 
  -633    129  -1323    -39   -274   -607  -1988  -1988   -190    -61    387    565 
  -734   1232    420   -337    -35    589   -116   -412    293    -79    328    639 
   -24    294   -393    -97   -356    -17    187   -147     43    -66    324    621 
  -998    259    249   -121   -413    410  -1988  -1988   -771    -52    388    561 
  -991    945     93    210   -599    718   -331     94    456    -79    324    642 
   -77    286   -291    425   1449   -558    101     -7   -276    -69    327    622 
 -1997   1721   -414   -741   -232    412  -1036   -370    257    -82    318    634 
  -199   -189    357   -976   1205   -817     66    351   -128    -84    315    640 
    92    674    859    764   -937    113   -611    -22  -1001    -52    315    585 
 -1997   1351   -837  -1470     19    189  -1805   -986    207    -52    354    565 
  -451   -109    571   -259   1975  -1039    519    293   -155    -85    300    651 
   -76     82    155   -289   -473   -149   -623     23   1080    -72    352    594 
 -1997   1998  -1296    -93   -654     90  -1282   -705   -721    -63    358    573 
  -158    479    456   -794   1839  -1360   -221   1069    909    -85    325    637 
   352    235    -59   -842    -30    -98     27   -210    226    -70    306    615 
 -1997    980    384   -473   -166    284  -1501  -1894   -327    -55    393    544 
  -750    475    229    523   -586    923   -233      8    558    -96    328    667 
   177    294    175   -945   -794    256   -385     12    226    -61    346    582 
 -1997   1002     51  -1311   -869    320  -1559  -1169   -615    -46    360    564 
 -1141    542    178   -853    664   -429     31   -545   1022    -87    309    657 
    55   -340   -161   -160    383   -285    129    -65     35    -81    328    636 
   141    185    161     79   -255    180  -1988  -1980   -736    -52    354    597 
 -1395    930   -129   -539     23   -101    -19   -670     -3    -91    262    679 
   239   -423   -215    236   -221    446    -34   -522    218    -63    292    627 
    37   -257   -129    540   -895    413  -1988  -1372   -444    -42    357    565 
 -1590    655    -50    343   -166    596    -22    133    928    -60    307    624 
   140   -336   -129    157   1394   -408     74   -533    101    -54    313    592 
  -134   -208   -243    109    -91    237  -1988  -1988     94    -54    376    571 
 -1687   1215    -70    598   -962   1030   -908   -416    554    -82    354    631 
   259   -475     15    349    384    187    222   -522     51    -64    327    600 
  -633    129  -1323    -39   -274   -607  -1988  -1988   -190    -61    387    565 
  -734   1232    420   -337    -35    589   -116   -412    293    -79    328    639 
   -24    294   -393    -97   -356    -17    187   -147     43    -66    324    621 
  -998    259    249   -121   -413    410  -1988  -1988   -771    -52    388    561 
  -991    945     93    210   -599    718   -331     94    456    -79    324    642 
   -77    286   -291    425   1449   -558    101     -7   -276    -69    327    622 
  -566    164    328   -277     73    -61  -1988  -1988     74    -42    345    594 
   -35   -389   -317  -1036   2580    599    265   -549   -338    -54    304    591 
  -366    147    397   -205   -201   -104   -389    172   -428    -51    369    531 
 -1969   1364   -760  -1197    -99    588  -1411   -557     47    -73    352    610 
    -1    218   1136   -423   1901  -1186   -163    222    -30    -72    328    613 
    60    151    -70   -825   -299     29   -377    -11    285    -55    361    574 
 -1997   1982   -334   -152   -313    517  -1309  -1251   -136    -61    366    568 
  -309  -1009   1998   -506   1970  -1076    203   -147      4    -85    307    640 
   -56     47    383   -706   -841   -240   -112     20    659    -63    336    585 
 -1997   1998   -442   -846   -762    476  -1676  -1224   -397    -81    358    621 
  -513  -1153   1998     59    876   -170   -124    -54   -393    -94    322    636 
    43     80     37   -626  -1124   -169   -245    187    772    -64    351    565 
 -1997   1998    760   -204  -1516    208  -1493   -927   -724    -66    391    556 
  -798   -256   1998   -457   1172   -455    -30      0   -760    -99    298    654 
   435   -129    244    -64  -1187    220   -561     -3    480   -118    360    661 
  -463    342   -338   -889  -1139    157  -1988  -1988    679    -70    405    562 
 -1087   1035   -394    803   -529    475   -518   -116   1989    -81    294    655 
   416    -85   -323   1049    415   -867    117   -202    211    -82    337    622 
   -12    116   -696     26    -78    235  -1988  -1832   -116    -48    352    546 
 -1342   -490     21   -404   -349    346   -338   -483    215   -100    346    634 
   140   -336   -129    157   1394   -408     74   -533    101    -54    313    592 
  -134   -208   -243    109    -91    237  -1988  -1988     94    -54    376    571 
 -1687   1215    -70    598   -962   1030   -908   -416    554    -82    354    631 
   259   -475     15    349    384    187    222   -522     51    -64    327    600 
  -633    129  -1323    -39   -274   -607  -1988  -1988   -190    -61    387    565 
  -734   1232    420   -337    -35    589   -116   -412    293    -79    328    639 
   -24    294   -393    -97   -356    -17    187   -147     43    -66    324    621 
  -998    259    249   -121   -413    410  -1988  -1988   -771    -52    388    561 
  -991    945     93    210   -599    718   -331     94    456    -79    324    642 
   -77    286   -291    425   1449   -558    101     -7   -276    -69    327    622 
  -566    164    328   -277     73    -61  -1988  -1988     74    -42    345    594 
   -35   -389   -317  -1036   2580    599    265   -549   -338    -54    304    591 
  -366    147    397   -205   -201   -104   -389    172   -428    -51    369    531 
 -1969   1364   -760  -1197    -99    588  -1411   -557     47    -73    352    610 
    -1    218   1136   -423   1901  -1186   -163    222    -30    -72    328    613 
    60    151    -70   -825   -299     29   -377    -11    285    -55    361    574 
 -1997   1982   -334   -152   -313    517  -1309  -1251   -136    -61    366    568 
  -309  -1009   1998   -506   1970  -1076    203   -147      4    -85    307    640 
   -56     47    383   -706   -841   -240   -112     20    659    -63    336    585 
 -1997   1998   -442   -846   -762    476  -1676  -1224   -397    -81    358    621 
  -513  -1153   1998     59    876   -170   -124    -54   -393    -94    322    636 
    43     80     37   -626  -1124   -169   -245    187    772    -64    351    565 
 -1997   1998    760   -204  -1516    208  -1493   -927   -724    -66    391    556 
  -798   -256   1998   -457   1172   -455    -30      0   -760    -99    298    654 
   435   -129    244    -64  -1187    220   -561     -3    480   -118    360    661 
  -463    342   -338   -889  -1139    157  -1988  -1988    679    -70    405    562 
 -1087   1035   -394    803   -529    475   -518   -116   1989    -81    294    655 
   416    -85   -323   1049    415   -867    117   -202    211    -82    337    622 
   -12    116   -696     26    -78    235  -1988  -1832   -116    -48    352    546 
 -1342   -490     21   -404   -349    346   -338   -483    215   -100    346    634 
  -150   -220   -118   2236   -702    187    261    156    -93    -87    354    618 
 -1997   1998   1745   -319   -693   1122  -1614   -810   -974    -64    358    586 
   258    523    406   -666   1325  -1253   -428      8   -100    -91    301    666 
   195     68     83  -1114   -334     50   -104   -128    378    -75    328    606 
 -1997   1998   -639    544   -658    569  -1735  -1177  -1263    -70    387    568 
  -306    116    256   1053   2194   -957    222    293    359    -91    322    651 
  -105     54    -69   -283   -456    181    -77     20     23    -69    379    580 
 -1997   1998   -862   -270   -769    129  -1508   -958   -483    -72    352    601 
  -161    117    375    483    538   -408     35    725    585   -105    333    651 
     1     -3   -159   -140    366    -65   -295    199    410    -82    373    588 
 -1997   1201   -334    858   -553    574  -1095  -1317    -58    -69    354    592 
  -211   -153   1837    719   1440   -737   -190    -22    -65   -102    309    654 
   227    -44    106  -1212   -529   -238   -440    -73    515    -51    355    556 
 -1997   1998    594   -271  -1022    656  -1676  -1270   -311    -72    346    586 
  -643    418    600    472   1927  -1115   -171    -50   -518    -93    315    610 
    89    562    250   -888   -715   -337    -81    300    332    -88    319    624 
  -515    167   -235   -610   -534    687  -1988  -1988   1287    -66    379    568 
  -834    864   -213   1418   -403   1216    195   -529    491   -100    306    664 
    56   -232   -388   2176    632    -57    218    -58   -147    -87    361    606 
  -363    511   -227    417   -786    447  -1988  -1988    160    -87    421    582 