 -1998   1286   -243   1125  -1903   2667  -1313  -1126     98    -67    313    597 
   350    294   1998   -152   1641  -1805    -26    -42   -264    -79    271    627 
   302    -12    -76  -1610   -252    -51   -553     86    285    -88    298    628 
 -1998    623   1118    247   -410    462  -1387  -1910   -463    -66    355    565 
 -1998    952   -167   1043  -1427   1583   -771   -397     39    -64    303    606 
  -158    324    143   -213   1520  -1837   -151     35   -268    -79    267    642 
   126    197    130   -851   -379    129   -467     86    382    -76    300    619 
 -1998   1607    686   -344  -1057   1021  -1777   -818     55    -73    400    516 
 -1998   1701    -57  -1058   -462    915  -1263   -639    269    -84    282    640 
  -248   1424   1998    -25   1829  -2052   -104    374   -268    -82    243    654 
   550   -138   -146  -1594   -550    119   -455   -444    148    -69    282    622 
 -1183     35    203    164   -401    619  -1621  -1988    339    -63    378    541 
 -1604   1018    283    317  -1322   1829  -1836  -1563   -139    -57    334    568 
   -49     33   -136    320   1374  -1505   -132    -11   1096    -88    252    655 
   188    -34   -390   1247    757   -223    125   -132      0    -67    288    615 
  -592   -175   -551    137   -378    573  -1988  -1988   -830    -66    331    561 
 -1823   1792   -895   1225  -1168   1887  -1497   -916   -295    -55    327    592 
   457   -385   1716    348   1532  -1545   -151     27   -428    -75    246    639 
   305     35    -15    442   -890    246   -420   -143    -11    -57    274    586 
 -1272    743     38    100   -637    633  -1356  -1988    581    -64    387    540 
 -1485    722    -75   -263  -1209    705  -1906  -1988    460    -51    315    514 
 -1998   1344   -168    763   -538    604   -342   -662   -268    -49    240    580 
  -196   -289   -282    678   1160  -1194    312     55   -253    -52    244    600 
  -235   -140    346   -203   -201    107   -268   -350    616    -48    270    559 
 -1998   1998    182   -736  -1231    778  -1883   -178    265    -46    334    505 
 -1467    579    -58   -659    462  -1267   -194   -268     90    -60    196    618 
  -244     82   -178    580    970  -1101    332    168   -280    -58    217    597 
  -473    -83    397  -1624     64     -7   -288   -487   -104    -52    250    576 
 -1976   1998    209     -4  -1371    536  -1805  -1524   -155    -51    327    501 
  -934    405    159   -242   1438  -1793   -350   -662    433    -63    202    613 
   442    134   -779    344   -507     87    308    -77    254    -66    220    604 
  -110    276    290   -285    529   -144   -490    335    538    -45    294    510 
 -1578   1335    -80   -832  -1339    836  -1965  -1224   -533    -51    346    486 
  -492    209   -137   -122   1598  -1640    179   -420    -50    -67    198    615 
   143    145   -204    400   -444    393    195     -7     -7    -49    243    585 
  -276   -504     32   -757      3    132  -1910  -1625   -635    -42    300    540 
 -1866   1438     51    923   -999   1269  -1855  -1251   -132    -48    271    577 
  -183    262   1678   -448   1368  -1562   -202    300    -73    -54    253    597 
   230    108    114   -372   -637    184   -210   -217    398    -55    252    594 
  -920   -203   -343   -188   -835    505  -1988  -1988   1970    -42    330    519 
   181    -69     -7    257     35   -553    156     16   -100    -46    240    561 
  -370    307    518   -758   -433    121  -1988   -697   1739    -45    312    522 
 -1673   1043   -278   1433   -852   1958  -1302  -1399   -124    -39    249    586 
   116   -593   1998    242   1560  -1445   -264    -11   -217    -57    256    604 
   267   -169    176   -449   -484    106    -50   -178    133    -55    255    594 
 -1211    333   -472   -125   -479    337  -1298  -1988     59    -46    330    514 
 -1548   1269      7   1061  -1166  -1003   -763   -522   -167    -51    241    588 
  -471    117   -513   -299   1164   -573    226   -214     31    -52    219    588 
   -46    -71    111   -452   -152   -164  -1130    160   1989    -30    265    517 
 -1998   1286   -243   1125  -1903   2667  -1313  -1126     98    -67    313    597 
   350    294   1998   -152   1641  -1805    -26    -42   -264    -79    271    627 
   302    -12    -76  -1610   -252    -51   -553     86    285    -88    298    628 
 -1998    623   1118    247   -410    462  -1387  -1910   -463    -66    355    565 
 -1998    952   -167   1043  -1427   1583   -771   -397     39    -64    303    606 
  -158    324    143   -213   1520  -1837   -151     35   -268    -79    267    642 
   126    197    130   -851   -379    129   -467     86    382    -76    300    619 
 -1998   1607    686   -344  -1057   1021  -1777   -818     55    -73    400    516 
 -1998   1701    -57  -1058   -462    915  -1263   -639    269    -84    282    640 
  -248   1424   1998    -25   1829  -2052   -104    374   -268    -82    243    654 
   550   -138   -146  -1594   -550    119   -455   -444    148    -69    282    622 
 -1183     35    203    164   -401    619  -1621  -1988    339    -63    378    541 
 -1604   1018    283    317  -1322   1829  -1836  -1563   -139    -57    334    568 
   -49     33   -136    320   1374  -1505   -132    -11   1096    -88    252    655 
   188    -34   -390   1247    757   -223    125   -132      0    -67    288    615 
  -592   -175   -551    137   -378    573  -1988  -1988   -830    -66    331    561 
 -1823   1792   -895   1225  -1168   1887  -1497   -916   -295    -55    327    592 
   457   -385   1716    348   1532  -1545   -151     27   -428    -75    246    639 
   305     35    -15    442   -890    246   -420   -143    -11    -57    274    586 
 -1272    743     38    100   -637    633  -1356  -1988    581    -64    387    540 
   382    200   -217    159  -1108    342    -46   -233    378    -52    252    586 
  -112    413   -722   -105    -87    281  -1988  -1988   -202    -45    301    538 
 -1998   1383    100    599   -674   1984  -1298  -1185    121    -49    282    565 
   476   -658   1463    264   1035  -1207   -237    -97   -167    -61    235    616 
   218     94     16   -327   -586     44   -124     -7    304    -61    253    582 
 -1998    287   -175   -270   -903    750  -1988  -1040   -689    -60    363    534 
 -1998   1126    -86    834   -377   1210   -877   -288    148    -67    238    618 
  -382    304    188   -680   1512  -1788    -30    -58    -81    -58    234    616 
   161     48   -103   -945   -467    218   -151    144    121    -55    271    589 
 -1998   1998   -349   -444     35    667  -1777    -38    -50    -54    342    559 
  -888   1290   -202  -1794    383   -519   -471    -22    410    -78    243    636 
   -72    291   -162  -1705   1180  -1269    238      8     12    -52    241    582 
   -25     95     53   -235   -771     58   -869   -346   -611    -46    315    540 
 -1998   1436   -885    740   -735   1566  -1809  -1001   -654    -49    319    523 
  -392    481     75   -474   1416  -1512    -30    831    640    -72    231    646 
   305     99   -149   -562    163    103    101   -116    113    -52    225    589 
  -852    264    705    666   -206    184  -1988   -448      8    -37    324    495 
 -1596   1402   -179   1526  -1046   2081  -1676  -1118   -229    -42    276    555 
  -264     80    147   -554   1820  -1930    -77    117    347    -64    219    588 
    95     33    -67    625   -303    -41    211     82    -73    -43    241    565 
   181    -69     -7    257     35   -553    156     16   -100    -46    240    561 
  -370    307    518   -758   -433    121  -1988   -697   1739    -45    312    522 
 -1673   1043   -278   1433   -852   1958  -1302  -1399   -124    -39    249    586 
   116   -593   1998    242   1560  -1445   -264    -11   -217    -57    256    604 
   267   -169    176   -449   -484    106    -50   -178    133    -55    255    594 
 -1211    333   -472   -125   -479    337  -1298  -1988     59    -46    330    514 
 -1548   1269      7   1061  -1166  -1003   -763   -522   -167    -51    241    588 
  -471    117   -513   -299   1164   -573    226   -214     31    -52    219    588 
   -46    -71    111   -452   -152   -164  -1130    160   1989    -30    265    517 
  -248   1424   1998    -25   1829  -2052   -104    374   -268    -82    243    654 
   550   -138   -146  -1594   -550    119   -455   -444    148    -69    282    622 
 -1183     35    203    164   -401    619  -1621  -1988    339    -63    378    541 
 -1604   1018    283    317  -1322   1829  -1836  -1563   -139    -57    334    568 
   -49     33   -136    320   1374  -1505   -132    -11   1096    -88    252    655 
   188    -34   -390   1247    757   -223    125   -132      0    -67    288    615 
  -592   -175   -551    137   -378    573  -1988  -1988   -830    -66    331    561 
 -1823   1792   -895   1225  -1168   1887  -1497   -916   -295    -55    327    592 
   457   -385   1716    348   1532  -1545   -151     27   -428    -75    246    639 
   305     35    -15    442   -890    246   -420   -143    -11    -57    274    586 
 -1272    743     38    100   -637    633  -1356  -1988    581    -64    387    540 
   382    200   -217    159  -1108    342    -46   -233    378    -52    252    586 
  -112    413   -722   -105    -87    281  -1988  -1988   -202    -45    301    538 
 -1998   1383    100    599   -674   1984  -1298  -1185    121    -49    282    565 
   476   -658   1463    264   1035  -1207   -237    -97   -167    -61    235    616 
   218     94     16   -327   -586     44   -124     -7    304    -61    253    582 
 -1998    287   -175   -270   -903    750  -1988  -1040   -689    -60    363    534 
 -1998   1126    -86    834   -377   1210   -877   -288    148    -67    238    618 
  -382    304    188   -680   1512  -1788    -30    -58    -81    -58    234    616 
   161     48   -103   -945   -467    218   -151    144    121    -55    271    589 
 -1998   1998   -349   -444     35    667  -1777    -38    -50    -54    342    559 
  -888   1290   -202  -1794    383   -519   -471    -22    410    -78    243    636 
   -72    291   -162  -1705   1180  -1269    238      8     12    -52    241    582 
   -25     95     53   -235   -771     58   -869   -346   -611    -46    315    540 
 -1998   1436   -885    740   -735   1566  -1809  -1001   -654    -49    319    523 
  -392    481     75   -474   1416  -1512    -30    831    640    -72    231    646 
   305     99   -149   -562    163    103    101   -116    113    -52    225    589 
  -852    264    705    666   -206    184  -1988   -448      8    -37    324    495 
 -1596   1402   -179   1526  -1046   2081  -1676  -1118   -229    -42    276    555 
  -264     80    147   -554   1820  -1930    -77    117    347    -64    219    588 
    95     33    -67    625   -303    -41    211     82    -73    -43    241    565 
 -1113    974   -236   -636   -388    207   -202    449   1989    -82    202    639 
    69    144   -282     97  -1056    289    398     59     20    -48    210    597 
  -637   -174    654   -726    214    -30   -982   -405   -896    -30    279    507 
 -1486   1481    374   1009  -1811   1910  -1493  -1208   -260    -40    306    528 
  -688    470     83   -830   1066  -1217    261    133    425    -48    223    594 
  -131    140     22    678    760   -901    246   -128    -61    -40    213    559 
  -391    182    -64   -873   -439    130  -1988   -619   -494    -39    292    504 
 -1764   1998   -526   1661   -839   1410  -1033  -1391     47    -25    228    535 
   -51   -593    488     85   1392  -1372    -65     90   -120    -46    228    582 
   149    305    128   -801   -479    -72   -483    222    534    -34    271    531 
 -1998   1849   -710   -422   -964    996  -1699  -1345   -104    -37    339    487 
 -1875    603    191   -939    766  -1081   -202   -292     31    -43    240    583 
  -123   -108   -224    474    945   -944    164   -217   -198    -48    222    577 
  -319     90    685   -648   -400    225   -553   -245   -724    -51    300    547 
 -1998   1088    -77  -1582   -485    958  -1774  -1259   -354    -61    286    589 
   -93     23    584    397   1085  -1180    -85    203   -327    -58    237    606 
   125    202     48   -269   -401   -239   -112     90    211    -49    225    586 
 -1998    744    512   -373   -471    696  -1524  -1988    156    -46    334    510 
 -1725    684     83   1841  -1227   1757   -658    -81      8    -55    264    579 
 -1998   1998   -349   -444     35    667  -1777    -38    -50    -54    342    559 
  -888   1290   -202  -1794    383   -519   -471    -22    410    -78    243    636 
   -72    291   -162  -1705   1180  -1269    238      8     12    -52    241    582 
   -25     95     53   -235   -771     58   -869   -346   -611    -46    315    540 
 -1998   1436   -885    740   -735   1566  -1809  -1001   -654    -49    319    523 
  -392    481     75   -474   1416  -1512    -30    831    640    -72    231    646 
   305     99   -149   -562    163    103    101   -116    113    -52    225    589 
  -852    264    705    666   -206    184  -1988   -448      8    -37    324    495 
 -1596   1402   -179   1526  -1046   2081  -1676  -1118   -229    -42    276    555 
  -264     80    147   -554   1820  -1930    -77    117    347    -64    219    588 
    95     33    -67    625   -303    -41    211     82    -73    -43    241    565 
 -1113    974   -236   -636   -388    207   -202    449   1989    -82    202    639 
    69    144   -282     97  -1056    289    398     59     20    -48    210    597 
  -637   -174    654   -726    214    -30   -982   -405   -896    -30    279    507 
 -1486   1481    374   1009  -1811   1910  -1493  -1208   -260    -40    306    528 
  -688    470     83   -830   1066  -1217    261    133    425    -48    223    594 
  -131    140     22    678    760   -901    246   -128    -61    -40    213    559 
  -391    182    -64   -873   -439    130  -1988   -619   -494    -39    292    504 
 -1764   1998   -526   1661   -839   1410  -1033  -1391     47    -25    228    535 
   -51   -593    488     85   1392  -1372    -65     90   -120    -46    228    582 
   149    305    128   -801   -479    -72   -483    222    534    -34    271    531 
 -1998   1849   -710   -422   -964    996  -1699  -1345   -104    -37    339    487 
 -1875    603    191   -939    766  -1081   -202   -292     31    -43    240    583 
  -123   -108   -224    474    945   -944    164   -217   -198    -48    222    577 
  -319     90    685   -648   -400    225   -553   -245   -724    -51    300    547 
 -1998   1088    -77  -1582   -485    958  -1774  -1259   -354    -61    286    589 
   -93     23    584    397   1085  -1180    -85    203   -327    -58    237    606 
   125    202     48   -269   -401   -239   -112     90    211    -49    225    586 
 -1998    744    512   -373   -471    696  -1524  -1988    156    -46    334    510 
 -1725    684     83   1841  -1227   1757   -658    -81      8    -55    264    579 
  -122    219    -63   -280    828  -1076    -54   -288   -104    -55    211    583 
  -272    -14   -132   1441   1326   -762    195   -108   -171    -66    246    616 
  -194     71    748    234   -779    184   -736   -802  -1173    -37    276    537 
 -1807   1116   -184    105   -455   1409  -1723   -912    -30    -52    295    559 
  -173     88    318   -853   1755  -1574   -483     12     39    -70    240    631 
   184    177   -224   -343    115   -275     82    137    250    -46    270    558 
 -1998   1998   1759   -356   -268    346  -1933  -1707   -631    -42    291    561 
 -1073    254    225   -595   1072  -1176   -233    468    558    -72    247    631 
   229    134   -378    -10    228      3    152   -451     90    -51    231    598 
  -666   -271   -120    419   -163    429  -1988   -674   1989    -39    298    535 
 -1217   1890   -723   -580   -941    790  -1325   -221    417    -52    240    598 
  -455   -266   -224    -84   1397   -614    281   -221   -541    -66    219    610 
   -58    -70    197   -793   -191   -470   -662    218    807    -43    283    546 
 -1998   1998  -1631   -279  -1302    862  -1512  -1395    -54    -45    361    526 
  -874     88     78   -131   -427    -45    -69    343   1275    -63    253    625 
    90      0   -304     91   -584   -145    105   -249    113    -49    237    607 
  -335    593    139    112   -340    636  -1988   -740   1080    -52    318    543 
 -1618   1969   -648   1112   -528   1976  -1672   -627    316    -60    268    615 
   551   -876   1473   -479   1676  -1124   -256   -459   -276    -60    244    621 
   130   -164      0    391   -514   -126   -194   -151    569    -58    273    586 
   149    305    128   -801   -479    -72   -483    222    534    -34    271    531 
 -1998   1849   -710   -422   -964    996  -1699  -1345   -104    -37    339    487 
 -1875    603    191   -939    766  -1081   -202   -292     31    -43    240    583 
  -123   -108   -224    474    945   -944    164   -217   -198    -48    222    577 
  -319     90    685   -648   -400    225   -553   -245   -724    -51    300    547 
 -1998   1088    -77  -1582   -485    958  -1774  -1259   -354    -61    286    589 
   -93     23    584    397   1085  -1180    -85    203   -327    -58    237    606 
   125    202     48   -269   -401   -239   -112     90    211    -49    225    586 
 -1998    744    512   -373   -471    696  -1524  -1988    156    -46    334    510 
 -1725    684     83   1841  -1227   1757   -658    -81      8    -55    264    579 
  -122    219    -63   -280    828  -1076    -54   -288   -104    -55    211    583 
  -272    -14   -132   1441   1326   -762    195   -108   -171    -66    246    616 
  -194     71    748    234   -779    184   -736   -802  -1173    -37    276    537 
 -1807   1116   -184    105   -455   1409  -1723   -912    -30    -52    295    559 
  -173     88    318   -853   1755  -1574   -483     12     39    -70    240    631 
   184    177   -224   -343    115   -275     82    137    250    -46    270    558 
 -1998   1998   1759   -356   -268    346  -1933  -1707   -631    -42    291    561 
 -1073    254    225   -595   1072  -1176   -233    468    558    -72    247    631 
   229    134   -378    -10    228      3    152   -451     90    -51    231    598 
  -666   -271   -120    419   -163    429  -1988   -674   1989    -39    298    535 
 -1217   1890   -723   -580   -941    790  -1325   -221    417    -52    240    598 
  -455   -266   -224    -84   1397   -614    281   -221   -541    -66    219    610 
   -58    -70    197   -793   -191   -470   -662    218    807    -43    283    546 
 -1998   1998  -1631   -279  -1302    862  -1512  -1395    -54    -45    361    526 
  -874     88     78   -131   -427    -45    -69    343   1275    -63    253    625 
    90      0   -304     91   -584   -145    105   -249    113    -49    237    607 
  -335    593    139    112   -340    636  -1988   -740   1080    -52    318    543 
 -1618   1969   -648   1112   -528   1976  -1672   -627    316    -60    268    615 
   551   -876   1473   -479   1676  -1124   -256   -459   -276    -60    244    621 
   130   -164      0    391   -514   -126   -194   -151    569    -58    273    586 
 -1998   1998   -987   -496   -694    728  -1770  -1118    -54    -55    375    526 
 -1697   1899   -405   1978   -665   1250  -1352   -931     23    -57    243    612 
  -219   -309    125   -273    947  -1006   -217    289    168    -63    256    609 
   196     22    447   -272   -442    150     66   -139   -202    -43    274    562 
 -1998    928   -586    -61  -1131    968  -1906  -1988   -728    -46    336    538 
  -635    -91    -60    132    387   -796   -237    608    480    -75    258    640 
   248    209    -94    437  -1101   -111     39    -77    117    -40    268    571 
     0   -136   -585    109   -411    524  -1988  -1988  -1738    -36    348    529 
 -1547   1893   -577   1317   -776   1545   -908   -260    -30    -73    241    631 
   -55   -232   -277     16   1605  -1210    -15     35   -315    -67    240    615 
    29    118    309    649   -529    178   -619   -428   1256    -40    274    582 
 -1998   1998    -60   -977   -866    591  -1988  -1660   -210    -51    351    525 
  -783    256    -76   -510   1120  -1138     78     78    179    -75    232    630 
  -245   -137    201    707    750   -829    195   -178   -214    -48    247    571 
  -185     99   -386   -547   -803    311  -1988  -1988    519    -43    352    511 
 -1714   1885   -185    566   -644    789  -1060   -350    -58    -33    276    567 
   238   -548    618   -651   1462   -848    -15   -381   -167    -67    228    610 
   -73      6    214    -30   -824   -212   -331    261   -451    -51    294    537 
 -1998    325   -708   -915   -777    736  -1852  -1988   -362    -36    270    561 
  -441    -22    165    747   1227  -1019   -264    761    277    -64    249    615
  -950    382     60   -150     48     -3   -912   -346     35    -25    229    540 
  -914    381     63    -41    -37     -5   -892   -381     20    -42    234    541 
  -907    364     75     14    -40     15   -916   -424     39    -40    226    535 
  -907    514    244    -27    -11     28   -958   -545    273    -34    246    529 
  -799    491     73    -96   -442    347   -701   -342     74    -25    283    496 
  -829    363    158   -797    433      3  -1009   -455    328    -51    289    573 
 -1073     -8     59   -503    815     -6   -947   -490    -61    -75    258    613 
 -1015    534    -75    160    652   -482   -966   -919    476    -87    258    633 
  -312     39   -342   -746   -430    215   -397   -732     23    -51    327    552 
 -1652   -258    218   -620    -20    450  -1988  -1606   -545    -67    337    561 
  -682    388    432    766   1827   -898  -1582    413    168    -97    280    673 
   496    -60   -445    174  -1210    336    164   -299     78    -91    277    667 
   -94   -202     99     17    590   -207   -354   -506   1619    -66    322    568 
 -1998    824   -121    539  -1566    384  -1231  -1204    195    -79    400    525 
 -1263    232    183    116    744   -719   -202   -155    300    -67    322    586 
   133    298    491    976    387   -980   -253    133   -393    -76    304    585 
 -1998   1490  -1275  -1843    311    230  -1719   -607   -545    -78    354    565 
 -1998   1357   -528   -348   -627    717  -1040     23    355   -106    256    667 
  -366    137   -146    807    509   -736    222    117   -541    -78    294    628 
   -46    110     57  -1083   -341    154   -385     59    421    -94    280    649 
   382    200   -217    159  -1108    342    -46   -233    378    -52    252    586 
  -112    413   -722   -105    -87    281  -1988  -1988   -202    -45    301    538 
 -1998   1383    100    599   -674   1984  -1298  -1185    121    -49    282    565 
   476   -658   1463    264   1035  -1207   -237    -97   -167    -61    235    616 
   218     94     16   -327   -586     44   -124     -7    304    -61    253    582 
 -1998    287   -175   -270   -903    750  -1988  -1040   -689    -60    363    534 
 -1998   1126    -86    834   -377   1210   -877   -288    148    -67    238    618 
  -382    304    188   -680   1512  -1788    -30    -58    -81    -58    234    616 
   161     48   -103   -945   -467    218   -151    144    121    -55    271    589 
 -1998   1998   -349   -444     35    667  -1777    -38    -50    -54    342    559 
  -888   1290   -202  -1794    383   -519   -471    -22    410    -78    243    636 
   -72    291   -162  -1705   1180  -1269    238      8     12    -52    241    582 
   -25     95     53   -235   -771     58   -869   -346   -611    -46    315    540 
 -1998   1436   -885    740   -735   1566  -1809  -1001   -654    -49    319    523 
  -392    481     75   -474   1416  -1512    -30    831    640    -72    231    646 
   305     99   -149   -562    163    103    101   -116    113    -52    225    589 
  -852    264    705    666   -206    184  -1988   -448      8    -37    324    495 
 -1596   1402   -179   1526  -1046   2081  -1676  -1118   -229    -42    276    555 
  -264     80    147   -554   1820  -1930    -77    117    347    -64    219    588 
    95     33    -67    625   -303    -41    211     82    -73    -43    241    565 
 -1113    974   -236   -636   -388    207   -202    449   1989    -82    202    639 
    69    144   -282     97  -1056    289    398     59     20    -48    210    597 
  -637   -174    654   -726    214    -30   -982   -405   -896    -30    279    507 
 -1486   1481    374   1009  -1811   1910  -1493  -1208   -260    -40    306    528 
  -688    470     83   -830   1066  -1217    261    133    425    -48    223    594 
  -131    140     22    678    760   -901    246   -128    -61    -40    213    559 
  -391    182    -64   -873   -439    130  -1988   -619   -494    -39    292    504 
 -1764   1998   -526   1661   -839   1410  -1033  -1391     47    -25    228    535 
   -51   -593    488     85   1392  -1372    -65     90   -120    -46    228    582 
  -950    382     60   -150     48     -3   -912   -346     35    -25    229    540 
  -914    381     63    -41    -37     -5   -892   -381     20    -42    234    541 
  -907    364     75     14    -40     15   -916   -424     39    -40    226    535 
  -907    514    244    -27    -11     28   -958   -545    273    -34    246    529 
  -799    491     73    -96   -442    347   -701   -342     74    -25    283    496 
  -829    363    158   -797    433      3  -1009   -455    328    -51    289    573 
 -1073     -8     59   -503    815     -6   -947   -490    -61    -75    258    613 
 -1015    534    -75    160    652   -482   -966   -919    476    -87    258    633 
  -312     39   -342   -746   -430    215   -397   -732     23    -51    327    552 
 -1652   -258    218   -620    -20    450  -1988  -1606   -545    -67    337    561 
  -682    388    432    766   1827   -898  -1582    413    168    -97    280    673 
   496    -60   -445    174  -1210    336    164   -299     78    -91    277    667 
   -94   -202     99     17    590   -207   -354   -506   1619    -66    322    568 
 -1998    824   -121    539  -1566    384  -1231  -1204    195    -79    400    525 
 -1263    232    183    116    744   -719   -202   -155    300    -67    322    586 
   133    298    491    976    387   -980   -253    133   -393    -76    304    585 
 -1998   1490  -1275  -1843    311    230  -1719   -607   -545    -78    354    565 
 -1998   1357   -528   -348   -627    717  -1040     23    355   -106    256    667 
  -366    137   -146    807    509   -736    222    117   -541    -78    294    628 
   -46    110     57  -1083   -341    154   -385     59    421    -94    280    649 
 -1998    204    107   -641   -194   1131   -795   -783    -26    -46    306    552 
    33    -74   -218    612   -572   -481    215   -346    281    -39    271    546 
 -1109     72   -342    437   -210   -123  -1887  -1684    472    -63    360    540 
 -1970   1489   -431   1109   -271    539  -1442   -810     43    -69    234    631 
    91    635    353   -601   1575  -2475   -323    257    -93    -70    196    624 
   225   -214     47  -2060   -478    805   -331    -58    324    -70    238    642 
  -825    696   -231    437    377   -123  -1988  -1988   1728    -66    324    562 
 -1617    175   -407   -629     -2    -10   -393   -951   -124    -54    247    597 
   243   -538    341    260    386   -853   -167    -89    -11    -67    262    604 
  -455    190    392    -46   -489    197  -1816  -1294   1190    -60    352    534 
 -1657    860     22   -271   -879   1205  -1450  -1368    -42    -75    378    544 
  -801    498    -31   1277    168   -216   -253    796   1989    -90    262    658 
   246    253   -220    862   -557     -2    382    -11   -136    -73    249    610 
  -258     30    348   -422    278      9   -132   -136     47    -60    261    573 
 -1998   1998   1998    -90  -1198    784  -1972     78   -295    -49    303    535 
  -276    726    149  -1306    411   -314   -136    125    121    -66    252    612 
  -333    347   -166   -292    354    278   -190    -73    -11    -66    277    592 
 -1998   1998   -123   -130   -728    766  -1688   -580    -26    -63    354    550 
 -1862   1067   -375   -295   -162    164   -689   -214     47    -85    258    645 
  -526   -353   -392    -34   2021  -2016    433    195   -401    -64    261    610 
 -1113    974   -236   -636   -388    207   -202    449   1989    -82    202    639 
    69    144   -282     97  -1056    289    398     59     20    -48    210    597 
  -637   -174    654   -726    214    -30   -982   -405   -896    -30    279    507 
 -1486   1481    374   1009  -1811   1910  -1493  -1208   -260    -40    306    528 
  -688    470     83   -830   1066  -1217    261    133    425    -48    223    594 
  -131    140     22    678    760   -901    246   -128    -61    -40    213    559 
  -391    182    -64   -873   -439    130  -1988   -619   -494    -39    292    504 
 -1764   1998   -526   1661   -839   1410  -1033  -1391     47    -25    228    535 
   -51   -593    488     85   1392  -1372    -65     90   -120    -46    228    582 
 -1652   -258    218   -620    -20    450  -1988  -1606   -545    -67    337    561 
  -682    388    432    766   1827   -898  -1582    413    168    -97    280    673 
   496    -60   -445    174  -1210    336    164   -299     78    -91    277    667 
   -94   -202     99     17    590   -207   -354   -506   1619    -66    322    568 
 -1998    824   -121    539  -1566    384  -1231  -1204    195    -79    400    525 
 -1263    232    183    116    744   -719   -202   -155    300    -67    322    586 
   133    298    491    976    387   -980   -253    133   -393    -76    304    585 
 -1998   1490  -1275  -1843    311    230  -1719   -607   -545    -78    354    565 
 -1998   1357   -528   -348   -627    717  -1040     23    355   -106    256    667 
  -366    137   -146    807    509   -736    222    117   -541    -78    294    628 
   -46    110     57  -1083   -341    154   -385     59    421    -94    280    649 
 -1998    204    107   -641   -194   1131   -795   -783    -26    -46    306    552 
    33    -74   -218    612   -572   -481    215   -346    281    -39    271    546 
 -1109     72   -342    437   -210   -123  -1887  -1684    472    -63    360    540 
 -1970   1489   -431   1109   -271    539  -1442   -810     43    -69    234    631 
    91    635    353   -601   1575  -2475   -323    257    -93    -70    196    624 
   225   -214     47  -2060   -478    805   -331    -58    324    -70    238    642 
  -825    696   -231    437    377   -123  -1988  -1988   1728    -66    324    562 
 -1617    175   -407   -629     -2    -10   -393   -951   -124    -54    247    597 
   243   -538    341    260    386   -853   -167    -89    -11    -67    262    604 
  -455    190    392    -46   -489    197  -1816  -1294   1190    -60    352    534 
 -1657    860     22   -271   -879   1205  -1450  -1368    -42    -75    378    544 
  -801    498    -31   1277    168   -216   -253    796   1989    -90    262    658 
   246    253   -220    862   -557     -2    382    -11   -136    -73    249    610 
  -258     30    348   -422    278      9   -132   -136     47    -60    261    573 
 -1998   1998   1998    -90  -1198    784  -1972     78   -295    -49    303    535 
  -276    726    149  -1306    411   -314   -136    125    121    -66    252    612 
  -333    347   -166   -292    354    278   -190    -73    -11    -66    277    592 
 -1998   1998   -123   -130   -728    766  -1688   -580    -26    -63    354    550 
 -1862   1067   -375   -295   -162    164   -689   -214     47    -85    258    645 
  -526   -353   -392    -34   2021  -2016    433    195   -401    -64    261    610 
 -1200   1136    392   1579  -1256  -1586   -397   -147    125    -85    255    678 
   -63    104   -149   -590    491     90    238    -97   -124    -60    256    597 
  -265     68   1004    451   -693     30  -1356   -424   -159    -46    300    556 
 -1677    379    424   -616   -641   1202  -1988  -1852   -272    -46    327    541 
  -450    -58    236   -260   1040  -1515      0    257    117    -76    229    639 
   161    277   -149    379   -795    216    183    -15     98    -61    240    610 
  -760    207   1803   -554    -64    577  -1988   -171    893    -52    348    520 
 -1998   1287    -15    373  -1664   1928  -1988   -526    226    -49    256    588 
   214   -148   1388     34   1573  -1604   -124   -428   -346    -58    195    612 
   206   -255   -227    976   -481    416      0    347     94    -64    262    609 
  -756    941   -369     36   -554    181  -1633  -1988    304    -40    355    514 
 -1565   1261   -424   1330  -1130   1773  -1481   -553    332    -52    280    595 
   -18    534   1551    -71   1715  -1581   -276    -26     82    -55    222    603 
   295   -148     18    -98   -550     19   -175   -241    335    -57    256    565 
 -1995    388    668  -1037  -1022    706  -1407   -861  -1204    -42    333    516 
 -1998   1063    252  -1080    -14   -330   -994   -409    468    -60    240    592 
  -361     39   -350   -570   1792  -1438     35   -100   -210    -52    216    601 
    33    -76     83  -1103   -284     72   -736    246   1541    -42    277    561 
 -1998   1998   1046   -469   -630    614  -1333   -471    491    -43    364    471 
  -455    190    392    -46   -489    197  -1816  -1294   1190    -60    352    534 
 -1657    860     22   -271   -879   1205  -1450  -1368    -42    -75    378    544 
  -801    498    -31   1277    168   -216   -253    796   1989    -90    262    658 
   246    253   -220    862   -557     -2    382    -11   -136    -73    249    610 
  -258     30    348   -422    278      9   -132   -136     47    -60    261    573 
 -1998   1998   1998    -90  -1198    784  -1972     78   -295    -49    303    535 
  -276    726    149  -1306    411   -314   -136    125    121    -66    252    612 
  -333    347   -166   -292    354    278   -190    -73    -11    -66    277    592 
 -1998   1998   -123   -130   -728    766  -1688   -580    -26    -63    354    550 
 -1862   1067   -375   -295   -162    164   -689   -214     47    -85    258    645 
  -526   -353   -392    -34   2021  -2016    433    195   -401    -64    261    610 
 -1200   1136    392   1579  -1256  -1586   -397   -147    125    -85    255    678 
   -63    104   -149   -590    491     90    238    -97   -124    -60    256    597 
  -265     68   1004    451   -693     30  -1356   -424   -159    -46    300    556 
 -1677    379    424   -616   -641   1202  -1988  -1852   -272    -46    327    541 
  -450    -58    236   -260   1040  -1515      0    257    117    -76    229    639 
   161    277   -149    379   -795    216    183    -15     98    -61    240    610 
  -760    207   1803   -554    -64    577  -1988   -171    893    -52    348    520 
 -1998   1287    -15    373  -1664   1928  -1988   -526    226    -49    256    588 
   214   -148   1388     34   1573  -1604   -124   -428   -346    -58    195    612 
   206   -255   -227    976   -481    416      0    347     94    -64    262    609 
  -756    941   -369     36   -554    181  -1633  -1988    304    -40    355    514 
 -1565   1261   -424   1330  -1130   1773  -1481   -553    332    -52    280    595 
   -18    534   1551    -71   1715  -1581   -276    -26     82    -55    222    603 
   295   -148     18    -98   -550     19   -175   -241    335    -57    256    565 
 -1995    388    668  -1037  -1022    706  -1407   -861  -1204    -42    333    516 
 -1998   1063    252  -1080    -14   -330   -994   -409    468    -60    240    592 
  -361     39   -350   -570   1792  -1438     35   -100   -210    -52    216    601 
    33    -76     83  -1103   -284     72   -736    246   1541    -42    277    561 
 -1998   1998   1046   -469   -630    614  -1333   -471    491    -43    364    471 
 -1705    808   -308   -651    536   -671   -931   -631    140    -45    289    609 
    47   -991   1998   -222   2188  -1607   -178   -381   -471    -67    222    640 
   322   -229   -144   -730   -690    121   -100   -264     -3    -75    256    618 
  -597    -75   -324   -432     31    318  -1988  -1988   1985    -57    351    541 
 -1998    919   -247   2411  -1661   2125  -1017   -744   -100    -55    292    657 
   -44    430   -341   -387    980  -1598    -97    137   -210    -70    219    627 
   133    -73    106   -758   -592    236  -1017   -225   1989    -57    241    594 
 -1998   1998   -873    116  -1371    886  -1988   -728    -34    -48    321    526 
  -756    551    185   -894    484   -630    234    -26   1069    -55    214    627 
   -85    116   -269     12    738   -794    359    148    -22    -57    267    603 
  -707     24    462   -775    -86    212  -1988   -802   -178    -58    315    574 
 -1941    232   -199   1737   -564   1098  -1192  -1567   -370    -45    283    570 
  -138    512    630    329    896  -1948   -393    226    113    -70    225    631 
   313    -21    -90   -627   -501    610   -155     -3    667    -52    276    576 
 -1998   1998  -1487    -56   -365   1271  -1754  -1111   -292    -57    348    558 
 -1426    662    360  -1066   1202  -1189   -143    328    -65    -66    240    615 
  -269   1076   -196     14     61  -1221     43    386    117    -52    220    616 
  -455     92    852   -532   -113    813  -1091   -713    831    -48    291    553 
 -1780   1096   -172    -84   -717    904  -1208   -744     47    -52    279    585 
   512   -858   1998      9   1332  -1218   -393     -3    -61    -63    237    622 
   206   -255   -227    976   -481    416      0    347     94    -64    262    609 
  -756    941   -369     36   -554    181  -1633  -1988    304    -40    355    514 
 -1565   1261   -424   1330  -1130   1773  -1481   -553    332    -52    280    595 
   -18    534   1551    -71   1715  -1581   -276    -26     82    -55    222    603 
   295   -148     18    -98   -550     19   -175   -241    335    -57    256    565 
 -1995    388    668  -1037  -1022    706  -1407   -861  -1204    -42    333    516 
 -1998   1063    252  -1080    -14   -330   -994   -409    468    -60    240    592 
  -361     39   -350   -570   1792  -1438     35   -100   -210    -52    216    601 
    33    -76     83  -1103   -284     72   -736    246   1541    -42    277    561 
 -1998   1998   1046   -469   -630    614  -1333   -471    491    -43    364    471 
 -1705    808   -308   -651    536   -671   -931   -631    140    -45    289    609 
    47   -991   1998   -222   2188  -1607   -178   -381   -471    -67    222    640 
   322   -229   -144   -730   -690    121   -100   -264     -3    -75    256    618 
  -597    -75   -324   -432     31    318  -1988  -1988   1985    -57    351    541 
 -1998    919   -247   2411  -1661   2125  -1017   -744   -100    -55    292    657 
   -44    430   -341   -387    980  -1598    -97    137   -210    -70    219    627 
   133    -73    106   -758   -592    236  -1017   -225   1989    -57    241    594 
 -1998   1998   -873    116  -1371    886  -1988   -728    -34    -48    321    526 
  -756    551    185   -894    484   -630    234    -26   1069    -55    214    627 
   -85    116   -269     12    738   -794    359    148    -22    -57    267    603 
  -707     24    462   -775    -86    212  -1988   -802   -178    -58    315    574 
 -1941    232   -199   1737   -564   1098  -1192  -1567   -370    -45    283    570 
  -138    512    630    329    896  -1948   -393    226    113    -70    225    631 
   313    -21    -90   -627   -501    610   -155     -3    667    -52    276    576 
 -1998   1998  -1487    -56   -365   1271  -1754  -1111   -292    -57    348    558 
 -1426    662    360  -1066   1202  -1189   -143    328    -65    -66    240    615 
  -269   1076   -196     14     61  -1221     43    386    117    -52    220    616 
  -455     92    852   -532   -113    813  -1091   -713    831    -48    291    553 
 -1780   1096   -172    -84   -717    904  -1208   -744     47    -52    279    585 
   512   -858   1998      9   1332  -1218   -393     -3    -61    -63    237    622 
   293     12     30    -44  -1137    278   -405    144    585    -37    268    568 
   286    -16    -93    553  -1211    245    277    -30     98    -36    223    574 
  -529   -146   -359   -287   -283    167  -1988  -1988  -1040    -37    297    547 
 -1998   1168   -550   1130   -591   1795   -943    -50    386    -61    244    600 
   122    353   -399   -316   1654  -1481      8   -225   -217    -46    225    574 
   -85    -34     50   -339   -520    518   -334    577     86    -36    283    529 
 -1984   1998   -311   -245   -660    606  -1731  -1781    -42    -55    360    490 
  -753     68    -46   -859   1377  -1330    164    390   1486    -81    240    630 
   -86     -3   -161     25   1019   -877    281    -38   -124    -57    237    604 
  -308   -134   -566     72   -701    548  -1988  -1988   -600    -52    303    538 
 -1998   1982   -198   1692   -625   2162  -1434   -865    -54    -63    271    633 
   435   -802   1247  -1120   1707  -1739    -73   -455   -557    -58    241    622 
    57   -122    184    956   -958    118   -459      0    105    -64    276    604 
 -1998   1998  -1751   -535   -836    674  -1754   -853   -217    -45    343    561 
 -1344   1287    456  -1397    968  -1175   -260    917   1704    -79    270    663 
   276     18   -183   -602    361   -578    296     -7     55    -61    244    604 
  -416    170    634    112   -221     -6  -1165   -455    109    -51    315    544 
 -1939   1273   -357   -187   -791   1067  -1504  -1161      0    -42    250    580 
   -76   -181    897   -788   1921  -1553   -650     31   -463    -66    226    654 
   427    -47   -156    179   -982    221    -15   -159    218    -52    234    588
