 -1997   -584   -148    -28  -1709   1056  -1657   -533   -487    -51    132    244 
  -101   -678   -597    880  -1368    956   1123   1154    706    -34    108    313 
 -1997   1312   1147    744    758   -664     47    878   -436    -54    115    228 
 -1874   1032    -31   -622   -968  -1376  -1274   -990    -61    -55    -36    358 
   118    314    336     71   1401  -1333   -580   -611   -206    -48    -21    367 
 -1997   -545   -857   -915  -1168   1561   -467  -1446   -186    -12    199    237 
   786  -1546    132  -1120    185    577   -475   -529   -557      7    160    292 
  -701    552    294   2068    610   -180  -1871    456  -1438     19    130    261 
 -1560   1796    437   -929    -99  -2171    125   -463    156     18     46    385 
 -1412    363    328   -511    766   -471  -1988    686     62     39    154    202 
  -399   1312   -188    805  -2581   1008      8    936   -455    -25    322    204 
 -1067    875   -980   -561    831   -597  -1629    222   -112      1    420    294 
 -1997    707  -1366    533   -996    -41  -1582  -1988    991      1    270    355 
   310    186    375   1096   1816  -1780   -510   -436    -81    -28    249    343 
 -1997   -407   -483   -783   -848   1438  -1017  -1988   -331   -109    445    255 
   609  -1195   -720   -344   -159    423    257   -393   -635   -103    415    319 
  -911   -578   -230   2338    359   -585  -1957   -155  -1875    -79    412    255 
 -1001   1657   -348   -191    175  -2608    215   -475    698     13    249    369 
  -706    434   -257   -725    469   -331  -1988     55    -97    -58    433    267 
  -381   1411      6    139  -2376   3301   -397   1283   -736   -129    483    204 
  -937    -61   -154    289   -198    152  -1122   -167   -108   -243    126    657 
 -1013     74    -75    141    142    -21   -947     12   -151   -249    132    652 
  -993    -27   -115    -60    119      2   -982    -50   -151   -250    130    664 
 -1002      0   -138    -16     -9    -44  -1017     -7   -190   -249    121    667 
  -994     -6   -134    -20     -4     33   -994     16   -175   -247    120    663 
  -972    -48    -73    -70    -44     -9   -966    -19   -198   -238    127    657 
 -1011      3   -106   -125   -130   -109   -982    -11   -120   -234    126    648 
 -1012    -12    -77   -129    -52    -68  -1009      0    -85   -223    127    661 
 -1020    -10    -67    -55    -61     30  -1001    -26    -97   -229    136    646 
 -1021      4     -2     68   -115     71  -1005     82    -77   -225    132    643 
 -1004      1    -30     32    -63     26   -978    -11    -85   -216    138    648 
 -1010     42    -23     20    -39     -8  -1009    -30    -58   -220    130    636 
 -1021    -13     -8     54    -58      9  -1017     -3    -11   -210    121    639 
 -1055     76     77    -35   -202     10  -1009    -73      8   -196    124    621 
 -1997   -584   -148    -28  -1709   1056  -1657   -533   -487    -51    132    244 
  -101   -678   -597    880  -1368    956   1123   1154    706    -34    108    313 
 -1997   1312   1147    744    758   -664     47    878   -436    -54    115    228 
 -1874   1032    -31   -622   -968  -1376  -1274   -990    -61    -55    -36    358 
   118    314    336     71   1401  -1333   -580   -611   -206    -48    -21    367 
 -1997   -545   -857   -915  -1168   1561   -467  -1446   -186    -12    199    237 
   786  -1546    132  -1120    185    577   -475   -529   -557      7    160    292 
  -701    552    294   2068    610   -180  -1871    456  -1438     19    130    261 
 -1560   1796    437   -929    -99  -2171    125   -463    156     18     46    385 
 -1412    363    328   -511    766   -471  -1988    686     62     39    154    202 
  -399   1312   -188    805  -2581   1008      8    936   -455    -25    322    204 
 -1067    875   -980   -561    831   -597  -1629    222   -112      1    420    294 
 -1997    707  -1366    533   -996    -41  -1582  -1988    991      1    270    355 
   310    186    375   1096   1816  -1780   -510   -436    -81    -28    249    343 
 -1997   -407   -483   -783   -848   1438  -1017  -1988   -331   -109    445    255 
   609  -1195   -720   -344   -159    423    257   -393   -635   -103    415    319 
  -911   -578   -230   2338    359   -585  -1957   -155  -1875    -79    412    255 
 -1001   1657   -348   -191    175  -2608    215   -475    698     13    249    369 
  -706    434   -257   -725    469   -331  -1988     55    -97    -58    433    267 
  -381   1411      6    139  -2376   3301   -397   1283   -736   -129    483    204 
   231    546    589   -349   2068  -2090   -479   -799   -487    -10    372    240 
 -1997   -983   -640   -753  -2437   3251   -295  -1988   -448   -172    493    243 
   809  -1195   -415   -665    366   -258   -412     90   -713   -148    412    202 
  -762    -22    351   1426    429   -837  -1988   -120  -1758   -109    382    234 
  -634    497    257  -1631    191  -2157    238   -526    335    -49    264    334 
 -1758    863   -182  -1268   -969   1099  -1988    663   -159   -118    451    267 
  -238    636    114   1782  -1236    982    378   1517   -693    -96    465    211 
 -1138   1020   -801  -1888    105   -379  -1153    101      4    -96    537    315 
 -1911    738   -697    706   -555     69   -822  -1290   -662     18    364    336 
   254    491    600    515   1571  -2100   -799   -611   -311    -15    373    277 
 -1882   -757   -665   -384  -2100   3258   -311  -1286    -69   -136    504    231 
   977  -1703   1273  -1234    355    211   -529   -323  -1165    -90    474    283 
  -562   -197    -84   1874    558   -942  -1941   -210  -1547   -118    114    331 
  -588    569   -326  -1515    111  -2311    101   -565    425    -25    324    382 
 -1997   1332    786  -1215  -1227   1203  -1988    679   -479   -157    501    279 
  -269   -293   -298    769   -921    749    967   1802    121   -171    478    238 
 -1968   1057   -543  -1189    513   -740   -526   -331   -260   -138    517    303 
 -1997    864    353    353   -426   -145   -732   -728    -77     -4    352    340 
   253    803    435    -15   1172  -1928  -1988   -806    511    -12    744    192 
 -1176    375   -401    898  -2298   3377   -393    113   -264   -193    516    184 
 -1412    363    328   -511    766   -471  -1988    686     62     39    154    202 
  -399   1312   -188    805  -2581   1008      8    936   -455    -25    322    204 
 -1067    875   -980   -561    831   -597  -1629    222   -112      1    420    294 
 -1997    707  -1366    533   -996    -41  -1582  -1988    991      1    270    355 
   310    186    375   1096   1816  -1780   -510   -436    -81    -28    249    343 
 -1997   -407   -483   -783   -848   1438  -1017  -1988   -331   -109    445    255 
   609  -1195   -720   -344   -159    423    257   -393   -635   -103    415    319 
  -911   -578   -230   2338    359   -585  -1957   -155  -1875    -79    412    255 
 -1001   1657   -348   -191    175  -2608    215   -475    698     13    249    369 
  -706    434   -257   -725    469   -331  -1988     55    -97    -58    433    267 
  -381   1411      6    139  -2376   3301   -397   1283   -736   -129    483    204 
   231    546    589   -349   2068  -2090   -479   -799   -487    -10    372    240 
 -1997   -983   -640   -753  -2437   3251   -295  -1988   -448   -172    493    243 
   809  -1195   -415   -665    366   -258   -412     90   -713   -148    412    202 
  -762    -22    351   1426    429   -837  -1988   -120  -1758   -109    382    234 
  -634    497    257  -1631    191  -2157    238   -526    335    -49    264    334 
 -1758    863   -182  -1268   -969   1099  -1988    663   -159   -118    451    267 
  -238    636    114   1782  -1236    982    378   1517   -693    -96    465    211 
 -1138   1020   -801  -1888    105   -379  -1153    101      4    -96    537    315 
 -1911    738   -697    706   -555     69   -822  -1290   -662     18    364    336 
   254    491    600    515   1571  -2100   -799   -611   -311    -15    373    277 
 -1882   -757   -665   -384  -2100   3258   -311  -1286    -69   -136    504    231 
   977  -1703   1273  -1234    355    211   -529   -323  -1165    -90    474    283 
  -562   -197    -84   1874    558   -942  -1941   -210  -1547   -118    114    331 
  -588    569   -326  -1515    111  -2311    101   -565    425    -25    324    382 
 -1997   1332    786  -1215  -1227   1203  -1988    679   -479   -157    501    279 
  -269   -293   -298    769   -921    749    967   1802    121   -171    478    238 
 -1968   1057   -543  -1189    513   -740   -526   -331   -260   -138    517    303 
 -1997    864    353    353   -426   -145   -732   -728    -77     -4    352    340 
   253    803    435    -15   1172  -1928  -1988   -806    511    -12    744    192 
 -1176    375   -401    898  -2298   3377   -393    113   -264   -193    516    184 
 -1749    231  -1777    997   -434     -4  -1988  -1836   1700    -87    312    367 
   271    553    419    367   1831  -2237   -163   -724     66    -30    313    354 
 -1997   -358   -105  -1180  -1192   1243   -693  -1224   -685   -187    508    229 
    99  -1335   -561    953   -956    902   -159    917    -69   -139    415    178 
 -1798   -154    553   2355    529   -842  -1555    222  -1571    -99    418    229 
  -760    969   -532   -766    967  -2547     66   -451    511     -1    279    361 
  -702    511   -555   -832    597   -619  -1988    367   -646    -40    736    246 
  -268   1795    189    343  -2320   3443   -377   1279   -490   -127    460    216 
  -471    361  -1352  -1306     67   -173  -1988    133    -30    -76    441    270 
 -1678    476  -1675    222   -450   -398  -1707  -1988   -424      1    292    336 
   251    494    477    244   1465  -1809   -362   -568   -307     -6    286    316 
 -1997   -580   -203  -1384  -1459   1703   -514  -1933   -448    -70    450    280 
   483  -1120   -616    558   -606    180   -229    429   -982    -54    436    360 
 -1099     63    -77   2314    733   -476  -1918     16  -1664      4    453    330 
  -511    883   -120    -31   1333  -2472    179   -549    425     90    316    466 
 -1431    948    102  -1015    252   -375  -1988    651   -292    -64    610    253 
   -86    589    -49    559  -2431   3244    -97   1256   -327   -144    553    181 
  -605    764  -1033   -891    123   -751  -1489   -178   -713   -121    564    268 
 -1670    497   -925   -358   -814   -832  -1021  -1072   -502    -27    439    360 
   254    491    600    515   1571  -2100   -799   -611   -311    -15    373    277 
 -1882   -757   -665   -384  -2100   3258   -311  -1286    -69   -136    504    231 
   977  -1703   1273  -1234    355    211   -529   -323  -1165    -90    474    283 
  -562   -197    -84   1874    558   -942  -1941   -210  -1547   -118    114    331 
  -588    569   -326  -1515    111  -2311    101   -565    425    -25    324    382 
 -1997   1332    786  -1215  -1227   1203  -1988    679   -479   -157    501    279 
  -269   -293   -298    769   -921    749    967   1802    121   -171    478    238 
 -1968   1057   -543  -1189    513   -740   -526   -331   -260   -138    517    303 
 -1997    864    353    353   -426   -145   -732   -728    -77     -4    352    340 
   253    803    435    -15   1172  -1928  -1988   -806    511    -12    744    192 
 -1176    375   -401    898  -2298   3377   -393    113   -264   -193    516    184 
 -1749    231  -1777    997   -434     -4  -1988  -1836   1700    -87    312    367 
   271    553    419    367   1831  -2237   -163   -724     66    -30    313    354 
 -1997   -358   -105  -1180  -1192   1243   -693  -1224   -685   -187    508    229 
    99  -1335   -561    953   -956    902   -159    917    -69   -139    415    178 
 -1798   -154    553   2355    529   -842  -1555    222  -1571    -99    418    229 
  -760    969   -532   -766    967  -2547     66   -451    511     -1    279    361 
  -702    511   -555   -832    597   -619  -1988    367   -646    -40    736    246 
  -268   1795    189    343  -2320   3443   -377   1279   -490   -127    460    216 
  -471    361  -1352  -1306     67   -173  -1988    133    -30    -76    441    270 
 -1678    476  -1675    222   -450   -398  -1707  -1988   -424      1    292    336 
   251    494    477    244   1465  -1809   -362   -568   -307     -6    286    316 
 -1997   -580   -203  -1384  -1459   1703   -514  -1933   -448    -70    450    280 
   483  -1120   -616    558   -606    180   -229    429   -982    -54    436    360 
 -1099     63    -77   2314    733   -476  -1918     16  -1664      4    453    330 
  -511    883   -120    -31   1333  -2472    179   -549    425     90    316    466 
 -1431    948    102  -1015    252   -375  -1988    651   -292    -64    610    253 
   -86    589    -49    559  -2431   3244    -97   1256   -327   -144    553    181 
  -605    764  -1033   -891    123   -751  -1489   -178   -713   -121    564    268 
 -1670    497   -925   -358   -814   -832  -1021  -1072   -502    -27    439    360 
   217    691    827   -310   1082  -1608   -916   -943   -561    -40    376    301 
 -1997    614   -515   -642   -790    723  -1462   -802   -775   -117    535    255 
  -540   -349   -246   2489   -937   1736    956   1576    343    -60    442    181 
 -1997   1472    981  -2903    209   -567   -436    846   -319    -55    454    211 
 -1943   1505   1801   -669   -109  -2358   -568   -483    398     61    346    319 
    82    840    450   -513    424   -998  -1766   -970     66     13    328    261 
 -1040    242   -412   -871  -2083   3199   -350   -178   -178   -127    462    247 
  1066  -1745   1998  -1575    130    142   -834  -1419  -1988    -90    462    292 
 -1167   -903   -862   1733    664    814  -1699   -401  -1036     -9    373    351 
  -310    399    542    397   2022  -2408    140   -596    616     24    334    306 
 -1997    712   -281   -972   -735    636  -1774     35   -393    -96    522    250 
  -208   -467   -368   1675  -1062   1322    761   1408    386    -79    468    190 
 -1997    839    -64  -2081    349   -438   -888    530      4    -34    514    279 
 -1703   1195    674  -1032    -46  -1950   -713   -572    257     75    300    348 
   221    677    585   -558    448   -915  -1746   -884     62    -87    432    270 
 -1174    845   -477   -188  -2057   3234   -295   -217     31   -120    462    265 
   968  -1621   1886  -1435    349    140  -1196  -1571  -1945    -78    418    268 
 -1386   -526  -1217   1957    551   -537  -1707   -568   -533    -42    397    274 
  -282    285    521    249   2018  -2343    172   -475    449     25    241    358 
 -1997   1197    522   -686   -603    538  -1988    413   -877    -94    489    303 
 -1678    476  -1675    222   -450   -398  -1707  -1988   -424      1    292    336 
   251    494    477    244   1465  -1809   -362   -568   -307     -6    286    316 
 -1997   -580   -203  -1384  -1459   1703   -514  -1933   -448    -70    450    280 
   483  -1120   -616    558   -606    180   -229    429   -982    -54    436    360 
 -1099     63    -77   2314    733   -476  -1918     16  -1664      4    453    330 
  -511    883   -120    -31   1333  -2472    179   -549    425     90    316    466 
 -1431    948    102  -1015    252   -375  -1988    651   -292    -64    610    253 
   -86    589    -49    559  -2431   3244    -97   1256   -327   -144    553    181 
  -605    764  -1033   -891    123   -751  -1489   -178   -713   -121    564    268 
 -1670    497   -925   -358   -814   -832  -1021  -1072   -502    -27    439    360 
   217    691    827   -310   1082  -1608   -916   -943   -561    -40    376    301 
 -1997    614   -515   -642   -790    723  -1462   -802   -775   -117    535    255 
  -540   -349   -246   2489   -937   1736    956   1576    343    -60    442    181 
 -1997   1472    981  -2903    209   -567   -436    846   -319    -55    454    211 
 -1943   1505   1801   -669   -109  -2358   -568   -483    398     61    346    319 
    82    840    450   -513    424   -998  -1766   -970     66     13    328    261 
 -1040    242   -412   -871  -2083   3199   -350   -178   -178   -127    462    247 
  1066  -1745   1998  -1575    130    142   -834  -1419  -1988    -90    462    292 
 -1167   -903   -862   1733    664    814  -1699   -401  -1036     -9    373    351 
  -310    399    542    397   2022  -2408    140   -596    616     24    334    306 
 -1997    712   -281   -972   -735    636  -1774     35   -393    -96    522    250 
  -208   -467   -368   1675  -1062   1322    761   1408    386    -79    468    190 
 -1997    839    -64  -2081    349   -438   -888    530      4    -34    514    279 
 -1703   1195    674  -1032    -46  -1950   -713   -572    257     75    300    348 
   221    677    585   -558    448   -915  -1746   -884     62    -87    432    270 
 -1174    845   -477   -188  -2057   3234   -295   -217     31   -120    462    265 
   968  -1621   1886  -1435    349    140  -1196  -1571  -1945    -78    418    268 
 -1386   -526  -1217   1957    551   -537  -1707   -568   -533    -42    397    274 
  -282    285    521    249   2018  -2343    172   -475    449     25    241    358 
 -1997   1197    522   -686   -603    538  -1988    413   -877    -94    489    303 
  -469   -115   -165   1948  -1174   2023    784   1287   -307    -91    445    253 
  -405   -337   -397    825  -1274   2157    858   1248    581   -160    424    178 
 -1736     52   -214  -1574    796   -468   -397    129   -241   -130    460    307 
 -1997   1781   -731   2515     -4  -2099  -1103   -155    714    -28    288    412 
   237    576    782   -912    972  -1385   -494   -896   -342    -75    406    252 
 -1753   -196   -737  -1169  -1774   2828   -303   -861   -171   -195    447    163 
  1590  -1994   1589  -1519   -264    947   -814   -307  -1419   -187    364    151 
  -266    184   -242   1808    351  -1385  -1988  -1072   1587   -129    351    238 
   -27    811    961   -771   2008  -2510      0   -342    651    -43    289    361 
 -1997   1982    823  -1287  -1363   1407  -1680    764   -721   -193    514    226 
    21   -194   -615   1296  -1244   1506    839   1989    503   -148    385    174 
 -1997    219   -505   -832    267   -158  -1274    367   -327   -106    385    258 
 -1051   1998    743    880    964  -3164    179   -128    515    -49    306    351 
  -757    182   -280   -959     75    -65  -1988   -713    417   -105    390    244 
  -271   1486    248   1651  -2089   3585   -338    335   -467   -208    505    246 
   863  -1173    581  -2080     38   -591  -1508  -1013   -635   -160    451    259 
 -1641    -31  -1631   1531    610     -1  -1181   -623   -299    -82    345    319 
  -167    203    499    781   1399  -1685    -19   -791    569    -93    345    285 
 -1997   -245   -975   -868  -1150   1423  -1368    710   -834   -207    484    267 
  -674   -306   -282   2186   -426   1619    538    347   -276   -196    478    247