  -953    885   -132   -233     39    -61  -1988  -1228  -1165    148    219    343 
  -662   1195   -184    489  -2440   3490   -136    694   -541     76    298    315 
  -655   1027   -397  -1375    588   -978  -1485   -865   -752     45    328    328 
 -1945   1395  -1212  -1040   -362   -795  -1138  -1306    651     36    133    405 
   291    606    -67   1005   1376  -1357    160   -576    109     24    142    427 
 -1997    918     19  -1050   -594   1419   -795  -1969   -428    -36    391    307 
   -56  -1091   -534   1405   -962   1058    -19   -315    468     -3    292    366 
 -1997    401   -469   2436    -89    632  -1153   -268   -752    -22    289    322 
  -761   1635   1433   -692    199  -2432   -405    -38    359    -12    147    421 
  -131    573    196   -320    510   -623  -1988  -1543    113    -28    343    328 
  -382   1906   -302  -1266  -1637   3194   -393    511     59    -42    358    307 
    36    261   -503   -840    654   -312  -1407   -834  -1153    -28    342    337 
 -1814    600  -1268    227   -332    268  -1118  -1988    928    -19    213    360 
  -100    342      6   1512   1105  -2196    523   -724    651    -42    157    376 
 -1997   1998   -858   -999   -249    796   -955   -182   -744   -118    300    250 
  -458   -769   -476    902  -1870   1798    332   1564   1868    -73    195    291 
 -1993    367   -161   2313   -373    355  -1317   -416   -857    -46    201    306 
  -799   1658      1   -901    805  -2496   -202   -229    277    -15     91    447 
  -901    834   -490   -551    681   -733  -1988  -1988  -1107    -15    307    372 
  -144    769   -105   -392  -2019   3211   -233   1264   -253    -24    328    346 
  -953    885   -132   -233     39    -61  -1988  -1228  -1165    148    219    343 
  -662   1195   -184    489  -2440   3490   -136    694   -541     76    298    315 
  -655   1027   -397  -1375    588   -978  -1485   -865   -752     45    328    328 
 -1945   1395  -1212  -1040   -362   -795  -1138  -1306    651     36    133    405 
   291    606    -67   1005   1376  -1357    160   -576    109     24    142    427 
 -1997    918     19  -1050   -594   1419   -795  -1969   -428    -36    391    307 
   -56  -1091   -534   1405   -962   1058    -19   -315    468     -3    292    366 
 -1997    401   -469   2436    -89    632  -1153   -268   -752    -22    289    322 
  -761   1635   1433   -692    199  -2432   -405    -38    359    -12    147    421 
  -131    573    196   -320    510   -623  -1988  -1543    113    -28    343    328 
  -382   1906   -302  -1266  -1637   3194   -393    511     59    -42    358    307 
    36    261   -503   -840    654   -312  -1407   -834  -1153    -28    342    337 
 -1814    600  -1268    227   -332    268  -1118  -1988    928    -19    213    360 
  -100    342      6   1512   1105  -2196    523   -724    651    -42    157    376 
 -1997   1998   -858   -999   -249    796   -955   -182   -744   -118    300    250 
  -458   -769   -476    902  -1870   1798    332   1564   1868    -73    195    291 
 -1993    367   -161   2313   -373    355  -1317   -416   -857    -46    201    306 
  -799   1658      1   -901    805  -2496   -202   -229    277    -15     91    447 
  -901    834   -490   -551    681   -733  -1988  -1988  -1107    -15    307    372 
  -144    769   -105   -392  -2019   3211   -233   1264   -253    -24    328    346 
   260  -1542   1610  -1720   1212   -344  -1633  -1781  -1442    -10    352    405 
 -1293     59  -1072   1751   -391    977  -1348  -1512    226     -9    288    427 
    83    441    409   1285   1323  -2263    413   -584    632    -19    234    490 
 -1997   1983   -508   -685     25    282  -1204     90  -1395   -157    379    324 
  -496   -915   -355   -829    366   -107    382   1985   1369    -60    303    370 
 -1997    639   -448   1312   -134   -508   -997    -34   -943    -58    363    354 
  -624   1998   -276  -1094    -26  -2397   -260   -136    429    -21    180    423 
  -212    596     86   -392    736   -935  -1988  -1813   -428    -18    307    387 
   210   1998   -189  -1497  -1480   3133   -483    796   -253    -45    369    327 
  -383   1144  -1409  -1201    749   -217  -1692   -896   -553    -60    399    322 
 -1966    874  -1186    -38   -825     46   -955  -1988   -522    -24    178    406 
   473    704    116   1001   1513  -2212     51   -658    -26    -16    165    409 
 -1997    947   -318  -1369   -695   1176    316  -1345   -221    -61    393    294 
  -138  -1878   -176  -1426   1132   -315   -311   -237  -1341    -15    322    337 
 -1363    545   -761   2674   -280     63  -1988   -650   -713    -22    273    327 
  -420    791   -100   -778   1321  -2615    659   -459    293     -9    153    408 
 -1009   1265   -448   -308    311   -605  -1988  -1177   -186    -46    406    282 
  -259    340   -125   -524  -2097   3360   -159   1209   -182    -27    364    309 
  -806   1478   -527   -256    402   -713  -1384   -576   -982    -48    391    346 
 -1315   1313   -711   -654   -646   -875   -362  -1099     16     -7    216    361 
  -131    573    196   -320    510   -623  -1988  -1543    113    -28    343    328 
  -382   1906   -302  -1266  -1637   3194   -393    511     59    -42    358    307 
    36    261   -503   -840    654   -312  -1407   -834  -1153    -28    342    337 
 -1814    600  -1268    227   -332    268  -1118  -1988    928    -19    213    360 
  -100    342      6   1512   1105  -2196    523   -724    651    -42    157    376 
 -1997   1998   -858   -999   -249    796   -955   -182   -744   -118    300    250 
  -458   -769   -476    902  -1870   1798    332   1564   1868    -73    195    291 
 -1993    367   -161   2313   -373    355  -1317   -416   -857    -46    201    306 
  -799   1658      1   -901    805  -2496   -202   -229    277    -15     91    447 
  -901    834   -490   -551    681   -733  -1988  -1988  -1107    -15    307    372 
  -144    769   -105   -392  -2019   3211   -233   1264   -253    -24    328    346 
   260  -1542   1610  -1720   1212   -344  -1633  -1781  -1442    -10    352    405 
 -1293     59  -1072   1751   -391    977  -1348  -1512    226     -9    288    427 
    83    441    409   1285   1323  -2263    413   -584    632    -19    234    490 
 -1997   1983   -508   -685     25    282  -1204     90  -1395   -157    379    324 
  -496   -915   -355   -829    366   -107    382   1985   1369    -60    303    370 
 -1997    639   -448   1312   -134   -508   -997    -34   -943    -58    363    354 
  -624   1998   -276  -1094    -26  -2397   -260   -136    429    -21    180    423 
  -212    596     86   -392    736   -935  -1988  -1813   -428    -18    307    387 
   210   1998   -189  -1497  -1480   3133   -483    796   -253    -45    369    327 
  -383   1144  -1409  -1201    749   -217  -1692   -896   -553    -60    399    322 
 -1966    874  -1186    -38   -825     46   -955  -1988   -522    -24    178    406 
   473    704    116   1001   1513  -2212     51   -658    -26    -16    165    409 
 -1997    947   -318  -1369   -695   1176    316  -1345   -221    -61    393    294 
  -138  -1878   -176  -1426   1132   -315   -311   -237  -1341    -15    322    337 
 -1363    545   -761   2674   -280     63  -1988   -650   -713    -22    273    327 
  -420    791   -100   -778   1321  -2615    659   -459    293     -9    153    408 
 -1009   1265   -448   -308    311   -605  -1988  -1177   -186    -46    406    282 
  -259    340   -125   -524  -2097   3360   -159   1209   -182    -27    364    309 
  -806   1478   -527   -256    402   -713  -1384   -576   -982    -48    391    346 
 -1315   1313   -711   -654   -646   -875   -362  -1099     16     -7    216    361 
 -1997   1084     27  -1206   -463   1892   -147  -1138   -272    -18    436    270 
  -190  -1123   -486   1096  -1172    999    -81    515    605    -10    390    294 
 -1172    398   -679   -347    329   -889  -1988   -553  -1306    -12    430    255 
  -192   1998     52   1180    355  -2384    347   -522    183     42    336    360 
  -782    807   -412    -45    205     40  -1988  -1988   -549   -210    538    277 
   -71    976   -186    346  -2341   3234   -362   1275   -108   -157    498    276 
  -810   1909   -896   -981    706     34  -1988  -1551   1010   -153    528    337 
 -1922    901  -1622    147  -1349   -677  -1072  -1988   -112    -55    423    360 
   855    492    714    296    684  -1871   -401   -822    226    -24    388    349 
 -1997    692   -634  -2078   -984   2628     82  -1512   -412   -196    552    214 
   262  -1477   -442   -674   -827    609   -377   -927  -1298   -154    556    279 
  -973   -239   -637    925    114  -1125  -1988  -1212  -1430    -57    501    327 
  -374    901    142   1497   1306  -2647    593   -545   -143     -9    436    340 
  -854   1309     90   -384   -180    446  -1988  -1118   -100   -171    577    216 
  -340      7   -189    995  -2212   2858    207   1989     55   -268    615    229 
 -1018   1947   1998   -993    747    291  -1501   -167  -1274   -286    651    300 
 -1245   1283   -404   -454   -585  -1756   -510  -1079    -19    -93    505    354 
   682    876   1003   -328    537  -1263    -26    464  -1087   -231    553    238 
 -1543    -18   -894  -1258  -1493   3171   -229   -670   -253   -309    595    247 
  -383   1144  -1409  -1201    749   -217  -1692   -896   -553    -60    399    322 
 -1966    874  -1186    -38   -825     46   -955  -1988   -522    -24    178    406 
   473    704    116   1001   1513  -2212     51   -658    -26    -16    165    409 
 -1997    947   -318  -1369   -695   1176    316  -1345   -221    -61    393    294 
  -138  -1878   -176  -1426   1132   -315   -311   -237  -1341    -15    322    337 
 -1363    545   -761   2674   -280     63  -1988   -650   -713    -22    273    327 
  -420    791   -100   -778   1321  -2615    659   -459    293     -9    153    408 
 -1009   1265   -448   -308    311   -605  -1988  -1177   -186    -46    406    282 
  -259    340   -125   -524  -2097   3360   -159   1209   -182    -27    364    309 
  -806   1478   -527   -256    402   -713  -1384   -576   -982    -48    391    346 
 -1315   1313   -711   -654   -646   -875   -362  -1099     16     -7    216    361 
 -1997   1084     27  -1206   -463   1892   -147  -1138   -272    -18    436    270 
  -190  -1123   -486   1096  -1172    999    -81    515    605    -10    390    294 
 -1172    398   -679   -347    329   -889  -1988   -553  -1306    -12    430    255 
  -192   1998     52   1180    355  -2384    347   -522    183     42    336    360 
  -782    807   -412    -45    205     40  -1988  -1988   -549   -210    538    277 
   -71    976   -186    346  -2341   3234   -362   1275   -108   -157    498    276 
  -810   1909   -896   -981    706     34  -1988  -1551   1010   -153    528    337 
 -1922    901  -1622    147  -1349   -677  -1072  -1988   -112    -55    423    360 
   855    492    714    296    684  -1871   -401   -822    226    -24    388    349 
 -1997    692   -634  -2078   -984   2628     82  -1512   -412   -196    552    214 
   262  -1477   -442   -674   -827    609   -377   -927  -1298   -154    556    279 
  -973   -239   -637    925    114  -1125  -1988  -1212  -1430    -57    501    327 
  -374    901    142   1497   1306  -2647    593   -545   -143     -9    436    340 
  -854   1309     90   -384   -180    446  -1988  -1118   -100   -171    577    216 
  -340      7   -189    995  -2212   2858    207   1989     55   -268    615    229 
 -1018   1947   1998   -993    747    291  -1501   -167  -1274   -286    651    300 
 -1245   1283   -404   -454   -585  -1756   -510  -1079    -19    -93    505    354 
   682    876   1003   -328    537  -1263    -26    464  -1087   -231    553    238 
 -1543    -18   -894  -1258  -1493   3171   -229   -670   -253   -309    595    247 
   473  -1800    378   -790    311   -155   -896  -1988  -1064   -226    552    226 
 -1864    285   -555   -450    231   -740  -1352   -210  -1212   -156    525    250 
  -408   1748   -342  -1072   -549  -1658     39   -366    534    -28    460    370 
   -10    683    -49   -477     -1     11  -1988  -1988   -760    -79    523    285 
   148   1791   -165    495  -2021   2813   -662    924   -241   -237    621    235 
  -207   1274  -1820  -1705   1024    119  -1988  -1992    663   -240    639    319 
 -1811    573  -1536   2226     61    736   -943  -1988    620    -88    531    352 
   570    672    174    903    708  -1222    -73   -631   -116   -102    520    291 
 -1997   1029   -489  -2007  -1206   2631      8  -1618   -381   -268    613    246 
   -65  -1927    247   -547    509   -141   -490  -1134  -1988   -261    574    195 
 -1058     85   -641   1501   -307   -925  -1969   -557  -1302   -259    594    276 
  -314   1019    -31   -753   -215  -1957    484   -701    -50    -76    483    364 
  -717    953   -417  -1099   -413    674  -1988  -1988   -338   -225    609    252 
  -243    511   -159    979  -1726   2035   -284   1154   -342   -253    600    211 
 -1064   1998   -829  -1043    849     16  -1341    335   -455   -240    628    225 
 -1399   1438    224     17   -815    162   -463   -997      0    -90    573    324 
   465    533    463    811    634   -792   -615  -1224   -518    -76    520    298 
 -1449    -46  -1162  -1071  -1518   3225    -26   -724   -405   -291    610    225 
   539  -1998    961  -1597    698    126   -927  -1988   -966   -271    577    253 
  -884   -326   -791   2689   -477    -84  -1302  -1153  -1021   -193    522    295 
 -1997    692   -634  -2078   -984   2628     82  -1512   -412   -196    552    214 
   262  -1477   -442   -674   -827    609   -377   -927  -1298   -154    556    279 
  -973   -239   -637    925    114  -1125  -1988  -1212  -1430    -57    501    327 
  -374    901    142   1497   1306  -2647    593   -545   -143     -9    436    340 
  -854   1309     90   -384   -180    446  -1988  -1118   -100   -171    577    216 
  -340      7   -189    995  -2212   2858    207   1989     55   -268    615    229 
 -1018   1947   1998   -993    747    291  -1501   -167  -1274   -286    651    300 
 -1245   1283   -404   -454   -585  -1756   -510  -1079    -19    -93    505    354 
   682    876   1003   -328    537  -1263    -26    464  -1087   -231    553    238 
 -1543    -18   -894  -1258  -1493   3171   -229   -670   -253   -309    595    247 
   473  -1800    378   -790    311   -155   -896  -1988  -1064   -226    552    226 
 -1864    285   -555   -450    231   -740  -1352   -210  -1212   -156    525    250 
  -408   1748   -342  -1072   -549  -1658     39   -366    534    -28    460    370 
   -10    683    -49   -477     -1     11  -1988  -1988   -760    -79    523    285 
   148   1791   -165    495  -2021   2813   -662    924   -241   -237    621    235 
  -207   1274  -1820  -1705   1024    119  -1988  -1992    663   -240    639    319 
 -1811    573  -1536   2226     61    736   -943  -1988    620    -88    531    352 
   570    672    174    903    708  -1222    -73   -631   -116   -102    520    291 
 -1997   1029   -489  -2007  -1206   2631      8  -1618   -381   -268    613    246 
   -65  -1927    247   -547    509   -141   -490  -1134  -1988   -261    574    195 
 -1058     85   -641   1501   -307   -925  -1969   -557  -1302   -259    594    276 
  -314   1019    -31   -753   -215  -1957    484   -701    -50    -76    483    364 
  -717    953   -417  -1099   -413    674  -1988  -1988   -338   -225    609    252 
  -243    511   -159    979  -1726   2035   -284   1154   -342   -253    600    211 
 -1064   1998   -829  -1043    849     16  -1341    335   -455   -240    628    225 
 -1399   1438    224     17   -815    162   -463   -997      0    -90    573    324 
   465    533    463    811    634   -792   -615  -1224   -518    -76    520    298 
 -1449    -46  -1162  -1071  -1518   3225    -26   -724   -405   -291    610    225 
   539  -1998    961  -1597    698    126   -927  -1988   -966   -271    577    253 
  -884   -326   -791   2689   -477    -84  -1302  -1153  -1021   -193    522    295 
  -262    119    692    -33    792  -2814    421   -685    647   -130    442    313 
   154    813    106   -289    790  -1390  -1988  -1824   -342   -153    517    232 
    -4   1992   -168   1021  -1941   2534   -506    815   -420   -253    573    204 
  -391   1325  -1500  -1482    931     47  -1988  -1621    -69   -279    616    313 
 -1684    721  -1196    931   -640    462   -923  -1988   -276    -93    484    334 
   508    598    310   1499   1139  -2349   -182   -635    -22   -133    507    265 
 -1997    896   -519  -1094   -534   1027    -46  -1664   -284   -268    601    252 
   158  -1998    469  -1241    945    -15   -748  -1208  -1984   -183    541    220 
  -763   -293   -790   2674   -592    195  -1699   -646  -1095   -156    540    262 
  -443    797    450    263    987  -2594    410   -565     31    -33    423    375 
 -1223   1497    213   -319    135   -607  -1988   -955   -393   -237    630    309 
  -318    279   -227    784   -771    943    117   1767     55   -177    592    267 
 -1997   1998   1998   -552    454   -673   -783    148   -783   -240    661    381 
 -1199   1841   1416  -1306   -361  -1595   -459   -646    476    -55    528    432 
   426    789    230     87    850  -1651  -1563  -1497     90   -135    615    351 
  -488    769   -313  -1736  -1041   2731   -280    176   -229   -298    678    252 
   310   -762    567  -1560    998   -548  -1988  -1965   1361   -328    711    339 
 -1751    440  -1080   1852   -666   1088  -1118  -1781   1295   -111    583    364 
  -129    313    503   1353   1427  -2573    480   -756    675    -81    544    346 
 -1997   1998  -1250   -718   -390    355   -666    242  -1282   -357    639    237 
 -1058     85   -641   1501   -307   -925  -1969   -557  -1302   -259    594    276 
  -314   1019    -31   -753   -215  -1957    484   -701    -50    -76    483    364 
  -717    953   -417  -1099   -413    674  -1988  -1988   -338   -225    609    252 
  -243    511   -159    979  -1726   2035   -284   1154   -342   -253    600    211 
 -1064   1998   -829  -1043    849     16  -1341    335   -455   -240    628    225 
 -1399   1438    224     17   -815    162   -463   -997      0    -90    573    324 
   465    533    463    811    634   -792   -615  -1224   -518    -76    520    298 
 -1449    -46  -1162  -1071  -1518   3225    -26   -724   -405   -291    610    225 
   539  -1998    961  -1597    698    126   -927  -1988   -966   -271    577    253 
  -884   -326   -791   2689   -477    -84  -1302  -1153  -1021   -193    522    295 
  -262    119    692    -33    792  -2814    421   -685    647   -130    442    313 
   154    813    106   -289    790  -1390  -1988  -1824   -342   -153    517    232 
    -4   1992   -168   1021  -1941   2534   -506    815   -420   -253    573    204 
  -391   1325  -1500  -1482    931     47  -1988  -1621    -69   -279    616    313 
 -1684    721  -1196    931   -640    462   -923  -1988   -276    -93    484    334 
   508    598    310   1499   1139  -2349   -182   -635    -22   -133    507    265 
 -1997    896   -519  -1094   -534   1027    -46  -1664   -284   -268    601    252 
   158  -1998    469  -1241    945    -15   -748  -1208  -1984   -183    541    220 
  -763   -293   -790   2674   -592    195  -1699   -646  -1095   -156    540    262 
  -443    797    450    263    987  -2594    410   -565     31    -33    423    375 
 -1223   1497    213   -319    135   -607  -1988   -955   -393   -237    630    309 
  -318    279   -227    784   -771    943    117   1767     55   -177    592    267 
 -1997   1998   1998   -552    454   -673   -783    148   -783   -240    661    381 
 -1199   1841   1416  -1306   -361  -1595   -459   -646    476    -55    528    432 
   426    789    230     87    850  -1651  -1563  -1497     90   -135    615    351 
  -488    769   -313  -1736  -1041   2731   -280    176   -229   -298    678    252 
   310   -762    567  -1560    998   -548  -1988  -1965   1361   -328    711    339 
 -1751    440  -1080   1852   -666   1088  -1118  -1781   1295   -111    583    364 
  -129    313    503   1353   1427  -2573    480   -756    675    -81    544    346 
 -1997   1998  -1250   -718   -390    355   -666    242  -1282   -357    639    237 
  -509   -963    -13   -821    669   -163    328   1509   1989   -267    549    156 
  -531   1542   -783  -1752   1158   -781  -1660   -510   -756   -208    624    265 
 -1124   1336  -1090  -1094   -369  -1545   -327  -1641   -420    -70    538    313 
   541    753    706    276    935  -1643   -978  -1259   -334    -36    501    333 
 -1586   -111  -1441  -2015  -1078   2793    -81   -366    -61   -241    622    234 
   567  -1716    544   -749    258    260   -802  -1641  -1727   -192    591    262 
 -1189    135   -920   2054  -1064   1331   -962  -1196   -818    -99    532    303 
  -475    321    591   1496   1469  -2434    585   -814    566    -48    483    321 
 -1997   1982    140   -773   -305    489  -1887     51   -951   -174    580    217 
  -452   -519    -20   1168  -1927   2535    577   1548    320   -201    609    210 
 -1997   1650   -239  -1572    971     72   -444    316   -919   -240    651    249 
 -1077   1998    646   -798    346  -2386   -483   -763    441    -19    496    349 
   402    694    535   -544    739  -1103  -1083  -1458    308   -148    556    219 
  -687      5   -781  -1647  -1269   2953   -420   -276   -229   -243    594    208 
   524  -1418   1551   -879    626   -129  -1699  -1438    -61   -193    526    276 
 -1510     73   -632   1010   -553    644  -1204  -1610   -327   -174    543    253 
  -316    305    412   1706    978  -2389    437   -865    647    -40    441    360 
 -1997   1916     71  -1031   -432    736  -1177    293  -1267   -253    618    255 
  -506   -845   -320   1153  -1726   2059    612   1989    772   -162    540    217 
 -1997    565   -156  -1411    931   -526   -701    269   -869   -163    555    262 
 -1223   1497    213   -319    135   -607  -1988   -955   -393   -237    630    309 
  -318    279   -227    784   -771    943    117   1767     55   -177    592    267 
 -1997   1998   1998   -552    454   -673   -783    148   -783   -240    661    381 
 -1199   1841   1416  -1306   -361  -1595   -459   -646    476    -55    528    432 
   426    789    230     87    850  -1651  -1563  -1497     90   -135    615    351 
  -488    769   -313  -1736  -1041   2731   -280    176   -229   -298    678    252 
   310   -762    567  -1560    998   -548  -1988  -1965   1361   -328    711    339 
 -1751    440  -1080   1852   -666   1088  -1118  -1781   1295   -111    583    364 
  -129    313    503   1353   1427  -2573    480   -756    675    -81    544    346 
 -1997   1998  -1250   -718   -390    355   -666    242  -1282   -357    639    237 
  -509   -963    -13   -821    669   -163    328   1509   1989   -267    549    156 
  -531   1542   -783  -1752   1158   -781  -1660   -510   -756   -208    624    265 
 -1124   1336  -1090  -1094   -369  -1545   -327  -1641   -420    -70    538    313 
   541    753    706    276    935  -1643   -978  -1259   -334    -36    501    333 
 -1586   -111  -1441  -2015  -1078   2793    -81   -366    -61   -241    622    234 
   567  -1716    544   -749    258    260   -802  -1641  -1727   -192    591    262 
 -1189    135   -920   2054  -1064   1331   -962  -1196   -818    -99    532    303 
  -475    321    591   1496   1469  -2434    585   -814    566    -48    483    321 
 -1997   1982    140   -773   -305    489  -1887     51   -951   -174    580    217 
  -452   -519    -20   1168  -1927   2535    577   1548    320   -201    609    210 
 -1997   1650   -239  -1572    971     72   -444    316   -919   -240    651    249 
 -1077   1998    646   -798    346  -2386   -483   -763    441    -19    496    349 
   402    694    535   -544    739  -1103  -1083  -1458    308   -148    556    219 
  -687      5   -781  -1647  -1269   2953   -420   -276   -229   -243    594    208 
   524  -1418   1551   -879    626   -129  -1699  -1438    -61   -193    526    276 
 -1510     73   -632   1010   -553    644  -1204  -1610   -327   -174    543    253 
  -316    305    412   1706    978  -2389    437   -865    647    -40    441    360 
 -1997   1916     71  -1031   -432    736  -1177    293  -1267   -253    618    255 
  -506   -845   -320   1153  -1726   2059    612   1989    772   -162    540    217 
 -1997    565   -156  -1411    931   -526   -701    269   -869   -163    555    262 
 -1142   1998    886   -733    958  -2564   -389   -229    476    -60    498    384 
   483    626    225     24    955  -1537    -61   -611    -42   -106    483    327 
 -1997    929   -286  -1863  -1028   2673   -155  -1364   -323   -294    600    259 
   -65  -1032      0   -307    117    244   -650   -436   -927   -241    568    246 
  -729   -328   -725    443    -46   -827  -1871  -1146  -1122   -159    532    289 
  -464    941      1  -1099   1345  -2392    468   -529    133    -94    463    319 
  -781   1338   -313   -747   -180    231  -1988  -1723    -73   -207    516    217 
  -383    590    -77    929  -2001   2697   -358    987   -311   -264    546    231 
  -520   1196  -1433  -1862   1040   -313   -432   -241   -939   -298    607    276 
 -1192   1095   -865   1390   -724    795   -307  -1345   -217   -112    499    340 
   487    900    665   -298    687  -1319   -506   -650   -303   -187    532    237 
 -1993   -186   -731  -1882  -1179   2986   -151  -1446   -124   -309    606    249 
   509  -1771    278   -852    702   -248   -822  -1364  -1208   -228    535    223 
  -355   -211  -1037   1855   -388   -239  -1224  -1036  -1181   -205    538    265 
  -526    361    494  -1201   1286  -2198    620   -717    569   -103    471    352 
 -1911   1801    444  -1178   -651   1133  -1848    -77   -576   -322    589    250 
  -325   -314   -125    891  -1290   1614    398   1716     27   -234    513    195 
 -1834   1888   -930  -1382    595   -854   -358    269  -1177   -295    582    280 
 -1287   1998   1273     70   -840   -406   -370   -342    667   -130    484    340 
   -12    904    208   -691    531   -501  -1988  -1820     78   -198    525    264 
 -1997   1650   -239  -1572    971     72   -444    316   -919   -240    651    249 
 -1077   1998    646   -798    346  -2386   -483   -763    441    -19    496    349 
   402    694    535   -544    739  -1103  -1083  -1458    308   -148    556    219 
  -687      5   -781  -1647  -1269   2953   -420   -276   -229   -243    594    208 
   524  -1418   1551   -879    626   -129  -1699  -1438    -61   -193    526    276 
 -1510     73   -632   1010   -553    644  -1204  -1610   -327   -174    543    253 
  -316    305    412   1706    978  -2389    437   -865    647    -40    441    360 
 -1997   1916     71  -1031   -432    736  -1177    293  -1267   -253    618    255 
  -506   -845   -320   1153  -1726   2059    612   1989    772   -162    540    217 
 -1997    565   -156  -1411    931   -526   -701    269   -869   -163    555    262 
 -1142   1998    886   -733    958  -2564   -389   -229    476    -60    498    384 
   483    626    225     24    955  -1537    -61   -611    -42   -106    483    327 
 -1997    929   -286  -1863  -1028   2673   -155  -1364   -323   -294    600    259 
   -65  -1032      0   -307    117    244   -650   -436   -927   -241    568    246 
  -729   -328   -725    443    -46   -827  -1871  -1146  -1122   -159    532    289 
  -464    941      1  -1099   1345  -2392    468   -529    133    -94    463    319 
  -781   1338   -313   -747   -180    231  -1988  -1723    -73   -207    516    217 
  -383    590    -77    929  -2001   2697   -358    987   -311   -264    546    231 
  -520   1196  -1433  -1862   1040   -313   -432   -241   -939   -298    607    276 
 -1192   1095   -865   1390   -724    795   -307  -1345   -217   -112    499    340 
   487    900    665   -298    687  -1319   -506   -650   -303   -187    532    237 
 -1993   -186   -731  -1882  -1179   2986   -151  -1446   -124   -309    606    249 
   509  -1771    278   -852    702   -248   -822  -1364  -1208   -228    535    223 
  -355   -211  -1037   1855   -388   -239  -1224  -1036  -1181   -205    538    265 
  -526    361    494  -1201   1286  -2198    620   -717    569   -103    471    352 
 -1911   1801    444  -1178   -651   1133  -1848    -77   -576   -322    589    250 
  -325   -314   -125    891  -1290   1614    398   1716     27   -234    513    195 
 -1834   1888   -930  -1382    595   -854   -358    269  -1177   -295    582    280 
 -1287   1998   1273     70   -840   -406   -370   -342    667   -130    484    340 
   -12    904    208   -691    531   -501  -1988  -1820     78   -198    525    264 
  -389   1377   -342    -60  -2214   3310   -307    807   -342   -286    559    229 
   488  -1618    342  -1443   1106   -368   -701  -1290   -670   -183    499    258 
  -483   -329  -1030   2684   -551    887  -1224   -927  -1216   -213    552    202 
  -418    641    290      0   1132  -2535    597   -662    363    -67    453    327 
 -1831   1727    105   -423    471   -666  -1988   -315   -701   -250    567    193 
  -327   -353   -139    367   -905    929    312   1732    464   -187    522    172 
 -1997   1998   -791   -484    329   -937   -646    273   -990   -183    553    196 
 -1373   1784    965  -1174   -470  -1239   -483   -799    398    -78    441    319 
   458    804    474    459    929  -1816  -1056  -1653   -233    -73    475    258 
  -569   -172  -1069     82  -1929   3270   -366   -311   -194   -235    577    229 
   821  -1711   1998  -1730   1266   -250  -1684  -1988    749   -217    573    259 
 -1341    -81   -651   2605   -360   1098  -1325  -1423   -463   -126    514    312 
  -220    314    374   1600   1051  -2304    320   -670    612    -78    454    312 
 -1997   1564   -524   -633    241   -192  -1282    140  -1231   -198    589    249 
  -512   -784   -222   -115    -71    185    530   1927    464   -199    555    229 
 -1997   1967    740   -243    208   -885   -709    398   -763   -256    619    261 
 -1171   1998    876   -914   -579  -1539   -416   -814    472    -84    489    345 
   575    601    615    191    917  -1971   -986  -1321    -22   -168    507    249 
  -901    162  -1452   -168  -2068   3211   -436   -490   -120   -261    543    220 
   679  -1998   1570  -1822    929    169   -982  -1988   -553   -300    600    291 
   487    900    665   -298    687  -1319   -506   -650   -303   -187    532    237 
 -1993   -186   -731  -1882  -1179   2986   -151  -1446   -124   -309    606    249 
   509  -1771    278   -852    702   -248   -822  -1364  -1208   -228    535    223 
  -355   -211  -1037   1855   -388   -239  -1224  -1036  -1181   -205    538    265 
  -526    361    494  -1201   1286  -2198    620   -717    569   -103    471    352 
 -1911   1801    444  -1178   -651   1133  -1848    -77   -576   -322    589    250 
  -325   -314   -125    891  -1290   1614    398   1716     27   -234    513    195 
 -1834   1888   -930  -1382    595   -854   -358    269  -1177   -295    582    280 
 -1287   1998   1273     70   -840   -406   -370   -342    667   -130    484    340 
   -12    904    208   -691    531   -501  -1988  -1820     78   -198    525    264 
  -389   1377   -342    -60  -2214   3310   -307    807   -342   -286    559    229 
   488  -1618    342  -1443   1106   -368   -701  -1290   -670   -183    499    258 
  -483   -329  -1030   2684   -551    887  -1224   -927  -1216   -213    552    202 
  -418    641    290      0   1132  -2535    597   -662    363    -67    453    327 
 -1831   1727    105   -423    471   -666  -1988   -315   -701   -250    567    193 
  -327   -353   -139    367   -905    929    312   1732    464   -187    522    172 
 -1997   1998   -791   -484    329   -937   -646    273   -990   -183    553    196 
 -1373   1784    965  -1174   -470  -1239   -483   -799    398    -78    441    319 
   458    804    474    459    929  -1816  -1056  -1653   -233    -73    475    258 
  -569   -172  -1069     82  -1929   3270   -366   -311   -194   -235    577    229 
   821  -1711   1998  -1730   1266   -250  -1684  -1988    749   -217    573    259 
 -1341    -81   -651   2605   -360   1098  -1325  -1423   -463   -126    514    312 
  -220    314    374   1600   1051  -2304    320   -670    612    -78    454    312 
 -1997   1564   -524   -633    241   -192  -1282    140  -1231   -198    589    249 
  -512   -784   -222   -115    -71    185    530   1927    464   -199    555    229 
 -1997   1967    740   -243    208   -885   -709    398   -763   -256    619    261 
 -1171   1998    876   -914   -579  -1539   -416   -814    472    -84    489    345 
   575    601    615    191    917  -1971   -986  -1321    -22   -168    507    249 
  -901    162  -1452   -168  -2068   3211   -436   -490   -120   -261    543    220 
   679  -1998   1570  -1822    929    169   -982  -1988   -553   -300    600    291 
 -1103    -82   -741   2965   -627    731  -1216  -1177  -1009   -217    531    241 
 -1182   1934    233    -89  -1091  -1837     16  -1341     23    -87    580    517 
   108    430    446    608    324  -1396  -1497  -1442     43   -300    670    394 
  -625    696   -527  -1069  -1543   3038   -315     86   -467   -354    661    405 
   267   -382   1145   -647    866   -676  -1988  -1988  -1103   -289    640    451 
 -1602    428  -1173   1217  -1035   1191  -1173  -1777    105   -232    609    526 
  -175    428    270   1525    886  -2532    449   -432    858   -175    544    603 
 -1997   1998    199   -907    144    449  -1770    464   -951   -369    664    538 
  -571   -838   -220    570  -2342      2   1127   1946    686   -315    675    471 
 -1997    885   -202   1353   -222   -693   -545    254   -978   -258    637    562 
 -1058   1998    773   -668   -105  -2270   -393   -202    410   -187    541    655 
    61    847    172   -339    655  -1139  -1988  -1922     -7   -255    625    574 
   -34   1625   -241  -1675  -1342   3208   -678   1006   -393   -357    690    513 
  -496   1421  -1236   -324    635   -156  -1621  -1294   -756   -348    658    604 
 -1995    716  -1522    469   -829     99   -943  -1988   1560   -198    535    673 
   671    496     30   1076   1490  -2267    137   -912     43   -264    597    577 
 -1997   1539    201  -1151   -659   1265   -241   -693   -151   -375    639    559 
  -302  -1092    -13    826  -1534   -244   -229     74   -767   -345    649    486 
 -1746    744   -848   2557   -331    329  -1902   -471   -958   -312    613    577 
  -207   1473   -419   -369   1014  -2457    312   -510    -26   -208    529    669 
   821  -1711   1998  -1730   1266   -250  -1684  -1988    749   -217    573    259 
 -1341    -81   -651   2605   -360   1098  -1325  -1423   -463   -126    514    312 
  -220    314    374   1600   1051  -2304    320   -670    612    -78    454    312 
 -1997   1564   -524   -633    241   -192  -1282    140  -1231   -198    589    249 
  -512   -784   -222   -115    -71    185    530   1927    464   -199    555    229 
 -1997   1967    740   -243    208   -885   -709    398   -763   -256    619    261 
 -1171   1998    876   -914   -579  -1539   -416   -814    472    -84    489    345 
   575    601    615    191    917  -1971   -986  -1321    -22   -168    507    249 
  -901    162  -1452   -168  -2068   3211   -436   -490   -120   -261    543    220 
   679  -1998   1570  -1822    929    169   -982  -1988   -553   -300    600    291 
 -1103    -82   -741   2965   -627    731  -1216  -1177  -1009   -217    531    241 
 -1182   1934    233    -89  -1091  -1837     16  -1341     23    -87    580    517 
   108    430    446    608    324  -1396  -1497  -1442     43   -300    670    394 
  -625    696   -527  -1069  -1543   3038   -315     86   -467   -354    661    405 
   267   -382   1145   -647    866   -676  -1988  -1988  -1103   -289    640    451 
 -1602    428  -1173   1217  -1035   1191  -1173  -1777    105   -232    609    526 
  -175    428    270   1525    886  -2532    449   -432    858   -175    544    603 
 -1997   1998    199   -907    144    449  -1770    464   -951   -369    664    538 
  -571   -838   -220    570  -2342      2   1127   1946    686   -315    675    471 
 -1997    885   -202   1353   -222   -693   -545    254   -978   -258    637    562 
 -1058   1998    773   -668   -105  -2270   -393   -202    410   -187    541    655 
    61    847    172   -339    655  -1139  -1988  -1922     -7   -255    625    574 
   -34   1625   -241  -1675  -1342   3208   -678   1006   -393   -357    690    513 
  -496   1421  -1236   -324    635   -156  -1621  -1294   -756   -348    658    604 
 -1995    716  -1522    469   -829     99   -943  -1988   1560   -198    535    673 
   671    496     30   1076   1490  -2267    137   -912     43   -264    597    577 
 -1997   1539    201  -1151   -659   1265   -241   -693   -151   -375    639    559 
  -302  -1092    -13    826  -1534   -244   -229     74   -767   -345    649    486 
 -1746    744   -848   2557   -331    329  -1902   -471   -958   -312    613    577 
  -207   1473   -419   -369   1014  -2457    312   -510    -26   -208    529    669 
  -771   1029   -512   -387    344   -688  -1988  -1949   -132   -351    657    579 
  -102   1532   -233   -641  -2068   3475   -494    835    -85   -357    688    549 
  -444   1145  -1144  -1382   1078   -433  -1754  -1781   -299   -334    637    619 
 -1652    263  -1217    -29   -786   -666  -1161  -1988   1541   -222    552    664 
   673    641    359    694    719  -1848   -225   -518    -26   -208    567    588 
 -1997   1437   -121  -1968  -1153   2121   -186  -1220   -432   -337    624    529 
    87  -1698    573    -83   -161    407   -526   -912  -1181   -327    606    603 
 -1079    198   -633    105     70   -799  -1883   -880  -1138   -304    607    556 
  -384   1048    106    636   1586  -2453    702   -518    495   -211    528    616 
 -1167   1364     63   -867   -130    342  -1988   -697   -420   -372    643    520 
  -449    325    -62   1049  -2122   2486   -108   1026      0   -346    657    469 
 -1812   1426    404  -1470   1026   -710  -1103   -658   -728   -319    612    561 
 -1246   1580   -251  -1166    112  -2093   -377  -1064   -245   -180    528    618 
   461    930    396   -616    753  -1173  -1579  -1512    207   -196    556    562 
  -910    219   -991  -1738  -1646   3426   -288    -81   -159   -328    669    498 
   385  -1406   1743  -1040    993   -149  -1598  -1801   -128   -295    655    558 
 -1641    305   -618   2479   -649    337  -1134  -1625    -34   -195    585    576 
  -229    329    365   1007   1187  -2215    441   -806    394   -175    574    562 
 -1997   1998  -1371  -1508   -707   1718   -518      0  -1153   -339    669    487 
  -230   -792    -71    511   -542    992    -11   1174    987   -309    672    448 
 -1058   1998    773   -668   -105  -2270   -393   -202    410   -187    541    655 
    61    847    172   -339    655  -1139  -1988  -1922     -7   -255    625    574 
   -34   1625   -241  -1675  -1342   3208   -678   1006   -393   -357    690    513 
  -496   1421  -1236   -324    635   -156  -1621  -1294   -756   -348    658    604 
 -1995    716  -1522    469   -829     99   -943  -1988   1560   -198    535    673 
   671    496     30   1076   1490  -2267    137   -912     43   -264    597    577 
 -1997   1539    201  -1151   -659   1265   -241   -693   -151   -375    639    559 
  -302  -1092    -13    826  -1534   -244   -229     74   -767   -345    649    486 
 -1746    744   -848   2557   -331    329  -1902   -471   -958   -312    613    577 
  -207   1473   -419   -369   1014  -2457    312   -510    -26   -208    529    669 
  -771   1029   -512   -387    344   -688  -1988  -1949   -132   -351    657    579 
  -102   1532   -233   -641  -2068   3475   -494    835    -85   -357    688    549 
  -444   1145  -1144  -1382   1078   -433  -1754  -1781   -299   -334    637    619 
 -1652    263  -1217    -29   -786   -666  -1161  -1988   1541   -222    552    664 
   673    641    359    694    719  -1848   -225   -518    -26   -208    567    588 
 -1997   1437   -121  -1968  -1153   2121   -186  -1220   -432   -337    624    529 
    87  -1698    573    -83   -161    407   -526   -912  -1181   -327    606    603 
 -1079    198   -633    105     70   -799  -1883   -880  -1138   -304    607    556 
  -384   1048    106    636   1586  -2453    702   -518    495   -211    528    616 
 -1167   1364     63   -867   -130    342  -1988   -697   -420   -372    643    520 
  -449    325    -62   1049  -2122   2486   -108   1026      0   -346    657    469 
 -1812   1426    404  -1470   1026   -710  -1103   -658   -728   -319    612    561 
 -1246   1580   -251  -1166    112  -2093   -377  -1064   -245   -180    528    618 
   461    930    396   -616    753  -1173  -1579  -1512    207   -196    556    562 
  -910    219   -991  -1738  -1646   3426   -288    -81   -159   -328    669    498 
   385  -1406   1743  -1040    993   -149  -1598  -1801   -128   -295    655    558 
 -1641    305   -618   2479   -649    337  -1134  -1625    -34   -195    585    576 
  -229    329    365   1007   1187  -2215    441   -806    394   -175    574    562 
 -1997   1998  -1371  -1508   -707   1718   -518      0  -1153   -339    669    487 
  -230   -792    -71    511   -542    992    -11   1174    987   -309    672    448 
 -1650    795   -283   -533    205   -977  -1668   -334   -810   -291    646    519 
 -1169   1754   1160   -559   -820   -706   -334   -931    137   -154    483    577 
   276    642    263    772    909  -1895  -1465  -1707     62   -264    582    462 
  -476    336   -823   -332  -1954   3213   -350     86    -73   -292    580    492 
   321  -1099    238  -1737   1265   -497  -1988  -1988   -459   -270    574    520 
 -1832    546  -1193   2530   -786   1348  -1224  -1969   1396   -211    526    559 
   319    595     60   1453   1416  -2187    293   -923    172   -171    508    594 
 -1997   1442   -274  -2317  -1027   2816   -596   -412   -214   -327    642    520 
  -146  -1432     64   -773    447     66   -225   -186   -459   -306    637    559 
 -1144    121   -632   1619   -299   -390  -1922   -978  -1138   -307    640    555 
  -253   1232   -241  -1025    543  -2402    355   -479     82   -177    528    609 
  -855   1303   -324   -681    802  -1226  -1988  -1454    -38   -289    621    490 
  -426    497    -27    991  -1525   1912   -373   1092     31   -313    646    475 
 -1399   1998   -684   -760    773   -901  -1181    117   -600   -288    624    511 
 -1204   1194   -717   -676   -870   -422   -186  -1341    -81   -157    514    598 
   354    671    742   1199   1195  -2183   -650  -1302   -666   -181    544    585 
 -1522   -211  -1052   -702  -1673   3307   -256   -884    -97   -342    663    541 
   526  -1651    743  -1580   1299   -526   -685  -1364   -522   -297    672    511 
  -371   -145   -955   3007   -581    646  -1103   -451  -1165   -253    645    534 
  -380    977    374    123    765  -2059    417   -795    866   -160    570    586 
  -449    325    -62   1049  -2122   2486   -108   1026      0   -346    657    469 
 -1812   1426    404  -1470   1026   -710  -1103   -658   -728   -319    612    561 
 -1246   1580   -251  -1166    112  -2093   -377  -1064   -245   -180    528    618 
   461    930    396   -616    753  -1173  -1579  -1512    207   -196    556    562 
  -910    219   -991  -1738  -1646   3426   -288    -81   -159   -328    669    498 
   385  -1406   1743  -1040    993   -149  -1598  -1801   -128   -295    655    558 
 -1641    305   -618   2479   -649    337  -1134  -1625    -34   -195    585    576 
  -229    329    365   1007   1187  -2215    441   -806    394   -175    574    562 
 -1997   1998  -1371  -1508   -707   1718   -518      0  -1153   -339    669    487 
  -230   -792    -71    511   -542    992    -11   1174    987   -309    672    448 
 -1650    795   -283   -533    205   -977  -1668   -334   -810   -291    646    519 
 -1169   1754   1160   -559   -820   -706   -334   -931    137   -154    483    577 
   276    642    263    772    909  -1895  -1465  -1707     62   -264    582    462 
  -476    336   -823   -332  -1954   3213   -350     86    -73   -292    580    492 
   321  -1099    238  -1737   1265   -497  -1988  -1988   -459   -270    574    520 
 -1832    546  -1193   2530   -786   1348  -1224  -1969   1396   -211    526    559 
   319    595     60   1453   1416  -2187    293   -923    172   -171    508    594 
 -1997   1442   -274  -2317  -1027   2816   -596   -412   -214   -327    642    520 
  -146  -1432     64   -773    447     66   -225   -186   -459   -306    637    559 
 -1144    121   -632   1619   -299   -390  -1922   -978  -1138   -307    640    555 
  -253   1232   -241  -1025    543  -2402    355   -479     82   -177    528    609 
  -855   1303   -324   -681    802  -1226  -1988  -1454    -38   -289    621    490 
  -426    497    -27    991  -1525   1912   -373   1092     31   -313    646    475 
 -1399   1998   -684   -760    773   -901  -1181    117   -600   -288    624    511 
 -1204   1194   -717   -676   -870   -422   -186  -1341    -81   -157    514    598 
   354    671    742   1199   1195  -2183   -650  -1302   -666   -181    544    585 
 -1522   -211  -1052   -702  -1673   3307   -256   -884    -97   -342    663    541 
   526  -1651    743  -1580   1299   -526   -685  -1364   -522   -297    672    511 
  -371   -145   -955   3007   -581    646  -1103   -451  -1165   -253    645    534 
  -380    977    374    123    765  -2059    417   -795    866   -160    570    586 
 -1677   1670    126   -799    499   -667  -1988   -643   -561   -384    687    498 
  -213    699    -94   -860  -1925   3419   -440   1088   -155   -324    651    457 
 -1433   1998   -984   -696    474  -1015   -978    156   -576   -331    633    522 
 -1120   1284   -172  -1424   -423  -1768   -424  -1200   -116   -172    525    579 
   350    682    553    127   1095  -1719  -1017  -1699   -124   -255    603    495 
 -1282    -48  -1163  -1872   -689   2262   -214   -459   -167   -318    664    474 
   924  -1810    702   -305   1031   -461  -1052  -1852  -1735   -249    646    454 
  -949    -49  -1047   2029  -1003   1318  -1138  -1192   -752   -216    624    523 
  -237    513    238   1624   1274  -2383    335   -607    499   -141    535    610 
 -1997   1834   -346  -1016    191    417  -1598     55  -1048   -346    681    519 
  -563   -646   -114    653  -1968   2389    675   1591    538   -295    669    409 
 -1997    681   -521   1265   -551   -362   -713   -139   -689   -232    642    471 
 -1658   1998   1797  -1143    520  -2373   -440   -584    339   -151    573    573 
  -142    782    238   -542    811  -1034  -1988  -1586   -467   -228    645    475 
  -240   1529   -162  -1386  -1678   3220   -440    749   -108   -316    669    454 
  -438    890   -873  -1470    793   -996  -1988  -1013   -124   -333    667    540 
 -1896    706  -1195   -318   -967   -301  -1216  -1988    979   -153    550    609 
   252    643    527   1455    923  -2099    215   -670     31   -195    585    552 
 -1997   1365   -376  -1328   -495   1018   -487   -600   -194   -310    648    540 
  -123  -1260    -15    708  -1198   1591     47   -260   -631   -294    663    457 
  -253   1232   -241  -1025    543  -2402    355   -479     82   -177    528    609 
  -855   1303   -324   -681    802  -1226  -1988  -1454    -38   -289    621    490 
  -426    497    -27    991  -1525   1912   -373   1092     31   -313    646    475 
 -1399   1998   -684   -760    773   -901  -1181    117   -600   -288    624    511 
 -1204   1194   -717   -676   -870   -422   -186  -1341    -81   -157    514    598 
   354    671    742   1199   1195  -2183   -650  -1302   -666   -181    544    585 
 -1522   -211  -1052   -702  -1673   3307   -256   -884    -97   -342    663    541 
   526  -1651    743  -1580   1299   -526   -685  -1364   -522   -297    672    511 
  -371   -145   -955   3007   -581    646  -1103   -451  -1165   -253    645    534 
  -380    977    374    123    765  -2059    417   -795    866   -160    570    586 
 -1677   1670    126   -799    499   -667  -1988   -643   -561   -384    687    498 
  -213    699    -94   -860  -1925   3419   -440   1088   -155   -324    651    457 
 -1433   1998   -984   -696    474  -1015   -978    156   -576   -331    633    522 
 -1120   1284   -172  -1424   -423  -1768   -424  -1200   -116   -172    525    579 
   350    682    553    127   1095  -1719  -1017  -1699   -124   -255    603    495 
 -1282    -48  -1163  -1872   -689   2262   -214   -459   -167   -318    664    474 
   924  -1810    702   -305   1031   -461  -1052  -1852  -1735   -249    646    454 
  -949    -49  -1047   2029  -1003   1318  -1138  -1192   -752   -216    624    523 
  -237    513    238   1624   1274  -2383    335   -607    499   -141    535    610 
 -1997   1834   -346  -1016    191    417  -1598     55  -1048   -346    681    519 
  -563   -646   -114    653  -1968   2389    675   1591    538   -295    669    409 
 -1997    681   -521   1265   -551   -362   -713   -139   -689   -232    642    471 
 -1658   1998   1797  -1143    520  -2373   -440   -584    339   -151    573    573 
  -142    782    238   -542    811  -1034  -1988  -1586   -467   -228    645    475 
  -240   1529   -162  -1386  -1678   3220   -440    749   -108   -316    669    454 
  -438    890   -873  -1470    793   -996  -1988  -1013   -124   -333    667    540 
 -1896    706  -1195   -318   -967   -301  -1216  -1988    979   -153    550    609 
   252    643    527   1455    923  -2099    215   -670     31   -195    585    552 
 -1997   1365   -376  -1328   -495   1018   -487   -600   -194   -310    648    540 
  -123  -1260    -15    708  -1198   1591     47   -260   -631   -294    663    457 
  -810   -143   -617   2505   -829    675  -1867  -1189  -1368   -222    622    493 
 -1346   1561   1258   -122    202  -2218   -307   -838    293   -204    534    649 
    83    623    259   -827    925   -728  -1684  -1633     78   -237    576    622 
  -497    782   -773  -1078  -1607   3026   -292    355   -264   -354    661    550 
   558   -287   -159  -1510    878    -96  -1988  -1988   -635   -336    628    634 
 -1997    488  -1212   2664   -668   1003  -1114  -1559    558   -249    573    660 
   -34    380    152   1394    862  -2128    359   -635    441   -217    558    657 
 -1997   1998   -792  -1274   -652   1540   -783    -54  -1341   -343    646    597 
  -433  -1009   -287    817  -1275   1307    593   1821    647   -379    673    591 
 -1899   1055    317   -338    659   -733   -955    484   -713   -324    603    628 
 -1151   1998   1466    201    429  -2511   -362   -799    386   -190    471    678 
   -56    576    222   -701    717   -502  -1883  -1676    148   -265    567    597 
  -137   1021   -396   -658  -1914   3184   -401    382   -210   -291    600    624 
   403   -629     30  -1293    789     60  -1988  -1988   -693   -285    540    753 
 -1987    537  -1259   2712   -476    618  -1208  -1497   -327   -210    373    825 
   115    680   -107   1614    488  -2178    378   -674    183   -217    394    841 
  -563   -646   -114    653  -1968   2389    675   1591    538   -295    669    409 
 -1997    681   -521   1265   -551   -362   -713   -139   -689   -232    642    471 
 -1658   1998   1797  -1143    520  -2373   -440   -584    339   -151    573    573 
  -142    782    238   -542    811  -1034  -1988  -1586   -467   -228    645    475 
  -240   1529   -162  -1386  -1678   3220   -440    749   -108   -316    669    454 
  -438    890   -873  -1470    793   -996  -1988  -1013   -124   -333    667    540 
 -1896    706  -1195   -318   -967   -301  -1216  -1988    979   -153    550    609 
   252    643    527   1455    923  -2099    215   -670     31   -195    585    552 
 -1997   1365   -376  -1328   -495   1018   -487   -600   -194   -310    648    540 
  -123  -1260    -15    708  -1198   1591     47   -260   -631   -294    663    457 
  -810   -143   -617   2505   -829    675  -1867  -1189  -1368   -222    622    493 
 -1346   1561   1258   -122    202  -2218   -307   -838    293   -204    534    649 
    83    623    259   -827    925   -728  -1684  -1633     78   -237    576    622 
  -497    782   -773  -1078  -1607   3026   -292    355   -264   -354    661    550 
   558   -287   -159  -1510    878    -96  -1988  -1988   -635   -336    628    634 
 -1997    488  -1212   2664   -668   1003  -1114  -1559    558   -249    573    660 
   -34    380    152   1394    862  -2128    359   -635    441   -217    558    657 
 -1997   1998   -792  -1274   -652   1540   -783    -54  -1341   -343    646    597 
  -433  -1009   -287    817  -1275   1307    593   1821    647   -379    673    591 
 -1899   1055    317   -338    659   -733   -955    484   -713   -324    603    628 
 -1151   1998   1466    201    429  -2511   -362   -799    386   -190    471    678 
   -56    576    222   -701    717   -502  -1883  -1676    148   -265    567    597 
  -137   1021   -396   -658  -1914   3184   -401    382   -210   -291    600    624 
   403   -629     30  -1293    789     60  -1988  -1988   -693   -285    540    753 
 -1987    537  -1259   2712   -476    618  -1208  -1497   -327   -210    373    825 
   115    680   -107   1614    488  -2178    378   -674    183   -217    394    841 
 -1151   1998   1466    201    429  -2511   -362   -799    386   -190    471    678 
   -56    576    222   -701    717   -502  -1883  -1676    148   -265    567    597 
  -137   1021   -396   -658  -1914   3184   -401    382   -210   -291    600    624 
   403   -629     30  -1293    789     60  -1988  -1988   -693   -285    540    753 
 -1987    537  -1259   2712   -476    618  -1208  -1497   -327   -210    373    825 
   115    680   -107   1614    488  -2178    378   -674    183   -217    394    841 
   676    634    715   1062   1638  -2336   -518   -662   -171   -108    343    703 
 -1930    -64   -754  -1376  -1675   3232   -163  -1321    -69   -109    456    646 
   501  -1903   1208  -1690    891   -363   -619  -1130   -611   -103    442    661 
  -478    -45   -845   2508   -329    199  -1348   -709  -1122    -91    354    645 
  -432    560   -160   -774    934  -2363    347   -697    261   -141    213    744 
 -1846   1721    234  -1385   -672   1351  -1988   -448   -658   -112    444    634 
  -281    -92   -198    645  -1224   1141     47   1330    101   -118    450    651 
 -1997   1996   1125   -864    705  -1008   -767   -225   -896    -91    385    631 
 -1239   1349   -393    -70  -1050    -17   -229  -1111   -451   -100    255    700 
   564    824    824   1183   1070  -2047   -810  -1220   -611   -111    306    681 
 -1180   -216  -1171   -829  -1852   3186   -467   -412    -30   -115    463    610 
   416    940    341   -179    815  -1425  -1551  -1625    215    -91    280    717 
  -605    461   -577  -1861  -1409   3116   -100    230   -288   -105    483    616 
   391   -910    629  -1174    393     11  -1988  -1988  -1813   -102    412    652 
 -1711    518   -767    678   -824    625  -1056  -1945    647    -91    307    676 
    77    368    482   1692   1343  -1933    254   -826    250    -94    298    697 
 -1997   1828   -837  -1343   -629   1221    -61   -724   -432   -102    471    612 
  -350  -1138   -297    793  -1345   1376    277    827    129   -112    468    636 
 -1545    215   -450   2677   -498    847  -1766   -643  -1064    -90    394    639 
  -344   1432   -309    232   1212  -2357     74   -490    530   -108    222    733 
  -601   1129   -532   -519    448   -456  -1988  -1988  -1072    -85    426    634 
  -180    698    -76   -117  -2233   3295   -366   1139   -241   -112    450    642 
  -640   1632  -1091  -1440   1100   -443  -1485   -799   -221    -94    387    639 
 -1288   1158  -1001  -1025   -583  -1398   -307  -1840   -588   -100    292    699 
   576    960    794    312    762  -1733   -565   -799   -424   -121    250    711 
 -1886    -80   -781  -2030  -1031   2403    -77  -1103    -58   -109    435    643 
   765  -1720    759   -653    177    136   -565  -1348   -740   -102    409    661 
  -402   -563   -878   1365   -454    847  -1302   -966  -1052    -99    316    700 
  -520    241    250   1485   1510  -2339    632   -697    718   -100    253    721 
 -1997   1998    276   -814   -390    576  -1820      0  -1048    -97    441    634 
  -496   -658     -4    470  -1846   2201    406   1989    683   -145    495    639 
   578    820    803   1243   1297  -2118   -463   -514   -288   -108    256    673 
 -1906    139   -691  -1534  -1660   3302    -50  -1013   -132   -127    426    615 
   702  -1462     74  -1663   1369   -618   -658  -1485   -623   -151    373    628 
  -716   -141   -678   2606   -578   1079  -1146  -1196   -978   -141    279    664 
  -448    158    297    659   1269  -2218    546   -857    671   -165    237    679 
 -1997   1835   -482   -892    449   -406   -982    113  -1247   -114    367    613 
  -314   -795    -91   -557    230     51    788   1065   1310   -127    411    636 
 -1997    269   -735   1468   -175   -279  -1407   -331   -888    -87    354    604 
  -324   1733   -403   -927    590  -2412    222   -346    183   -130    210    694 
 -1063   1053   -408   -629    760  -1102  -1988   -892     -7   -121    405    600 
  -215    474    134  -1290  -1291   1198     47   1139    246   -139    393    622 
 -1997   1479   1998   -612    193  -1149  -1251   -147   -880   -145    348    612 
 -1093   1255   -319  -1037   -422  -1066   -268  -1407   -358   -136    231    661 
   421    716    675    785    774  -1662  -1095  -1274   -194   -144    286    679 
  -791   -281  -1007  -2367   -901   1995   -311   -389     27   -115    397    637 
   500   -811    298  -1104   1031   -627  -1988  -1988  -1239   -118    378    661 
 -1685    312   -971    778   -721   1104  -1290  -1852   1630    -97    226    700 
   298    490    677   1515   1245  -2078     35   -697    172   -141    322    732 
 -1997   1493   -643  -1114   -287    626   -459   -627   -440   -120    432    669 
  -601   1129   -532   -519    448   -456  -1988  -1988  -1072    -85    426    634 
  -180    698    -76   -117  -2233   3295   -366   1139   -241   -112    450    642 
  -640   1632  -1091  -1440   1100   -443  -1485   -799   -221    -94    387    639 
 -1288   1158  -1001  -1025   -583  -1398   -307  -1840   -588   -100    292    699 
   576    960    794    312    762  -1733   -565   -799   -424   -121    250    711 
 -1886    -80   -781  -2030  -1031   2403    -77  -1103    -58   -109    435    643 
   765  -1720    759   -653    177    136   -565  -1348   -740   -102    409    661 
  -402   -563   -878   1365   -454    847  -1302   -966  -1052    -99    316    700 
  -520    241    250   1485   1510  -2339    632   -697    718   -100    253    721 
 -1997   1998    276   -814   -390    576  -1820      0  -1048    -97    441    634 
  -496   -658     -4    470  -1846   2201    406   1989    683   -145    495    639 
   578    820    803   1243   1297  -2118   -463   -514   -288   -108    256    673 
 -1906    139   -691  -1534  -1660   3302    -50  -1013   -132   -127    426    615 
   702  -1462     74  -1663   1369   -618   -658  -1485   -623   -151    373    628 
  -716   -141   -678   2606   -578   1079  -1146  -1196   -978   -141    279    664 
  -448    158    297    659   1269  -2218    546   -857    671   -165    237    679 
 -1997   1835   -482   -892    449   -406   -982    113  -1247   -114    367    613 
  -314   -795    -91   -557    230     51    788   1065   1310   -127    411    636 
 -1997    269   -735   1468   -175   -279  -1407   -331   -888    -87    354    604 
  -324   1733   -403   -927    590  -2412    222   -346    183   -130    210    694 
 -1063   1053   -408   -629    760  -1102  -1988   -892     -7   -121    405    600 
  -215    474    134  -1290  -1291   1198     47   1139    246   -139    393    622 
 -1997   1479   1998   -612    193  -1149  -1251   -147   -880   -145    348    612 
 -1093   1255   -319  -1037   -422  -1066   -268  -1407   -358   -136    231    661 
   421    716    675    785    774  -1662  -1095  -1274   -194   -144    286    679 
  -791   -281  -1007  -2367   -901   1995   -311   -389     27   -115    397    637 
   500   -811    298  -1104   1031   -627  -1988  -1988  -1239   -118    378    661 
 -1685    312   -971    778   -721   1104  -1290  -1852   1630    -97    226    700 
   298    490    677   1515   1245  -2078     35   -697    172   -141    322    732 
 -1997   1493   -643  -1114   -287    626   -459   -627   -440   -120    432    669 
  -314  -1151   -148    700    884    -13    187    683     16   -160    472    672 
 -1492    963   -475  -1475    563   -876  -1563   -338   -588    -34    328    657 
  -478   1777    -50   -252   1330  -2293   -163   -319    499   -105    222    766 
  -785   1460   -568   -509    439   -525  -1988  -1598   -561   -127    403    720 
    24   1301    120    253  -2421   2988   -241   1061   -159   -156    465    661 
  -912   1175  -1782  -1442   1177   -345   -966   -342   -947   -171    427    666 
  -908   1241   -362  -1289    268  -2194   -276  -1294   -175   -154    270    699 
   486    861    721   -149    781  -1246   -873  -1309   -693   -169    376    642 
  -656    -94   -993  -1750  -1439   2811   -381   -253    101   -145    411    577 
   665  -1277    608  -1895   1053   -349  -1988  -1988    156   -106    372    586 
 -1725    290  -1315   2292   -635    633  -1329  -1820   1665    -42    300    588 
   -72    390    140    840   1020  -2168    144   -724    164    -90    237    646 
 -1997   1998  -1599  -1675   -728   1801   -670   -576   -448   -132    414    541 
  -193  -1408   -185   -108   -410    860    -26    406    226   -135    372    577 
 -1378    323   -410    114    275   -722  -1774   -467   -877   -115    315    571 
  -434   1506    -11   1077   1379  -2413     55   -545    476   -135    226    627 
  -606   1281   -594   -495     84   -262  -1988  -1988  -1555   -135    351    582 
    -6    835    -78    207  -2135   2833   -370   1073    -46   -142    409    591 
  -642   1449  -1317  -1072   1065   -444  -1072    -97   -736   -127    372    589 
 -1072   1227   -700   1436   -955    999   -175  -1481   -256   -123    204    649 
 -1063   1053   -408   -629    760  -1102  -1988   -892     -7   -121    405    600 
  -215    474    134  -1290  -1291   1198     47   1139    246   -139    393    622 
 -1997   1479   1998   -612    193  -1149  -1251   -147   -880   -145    348    612 
 -1093   1255   -319  -1037   -422  -1066   -268  -1407   -358   -136    231    661 
   421    716    675    785    774  -1662  -1095  -1274   -194   -144    286    679 
  -791   -281  -1007  -2367   -901   1995   -311   -389     27   -115    397    637 
   500   -811    298  -1104   1031   -627  -1988  -1988  -1239   -118    378    661 
 -1685    312   -971    778   -721   1104  -1290  -1852   1630    -97    226    700 
   298    490    677   1515   1245  -2078     35   -697    172   -141    322    732 
 -1997   1493   -643  -1114   -287    626   -459   -627   -440   -120    432    669 
  -314  -1151   -148    700    884    -13    187    683     16   -160    472    672 
 -1492    963   -475  -1475    563   -876  -1563   -338   -588    -34    328    657 
  -478   1777    -50   -252   1330  -2293   -163   -319    499   -105    222    766 
  -785   1460   -568   -509    439   -525  -1988  -1598   -561   -127    403    720 
    24   1301    120    253  -2421   2988   -241   1061   -159   -156    465    661 
  -912   1175  -1782  -1442   1177   -345   -966   -342   -947   -171    427    666 
  -908   1241   -362  -1289    268  -2194   -276  -1294   -175   -154    270    699 
   486    861    721   -149    781  -1246   -873  -1309   -693   -169    376    642 
  -656    -94   -993  -1750  -1439   2811   -381   -253    101   -145    411    577 
   665  -1277    608  -1895   1053   -349  -1988  -1988    156   -106    372    586 
 -1725    290  -1315   2292   -635    633  -1329  -1820   1665    -42    300    588 
   -72    390    140    840   1020  -2168    144   -724    164    -90    237    646 
 -1997   1998  -1599  -1675   -728   1801   -670   -576   -448   -132    414    541 
  -193  -1408   -185   -108   -410    860    -26    406    226   -135    372    577 
 -1378    323   -410    114    275   -722  -1774   -467   -877   -115    315    571 
  -434   1506    -11   1077   1379  -2413     55   -545    476   -135    226    627 
  -606   1281   -594   -495     84   -262  -1988  -1988  -1555   -135    351    582 
    -6    835    -78    207  -2135   2833   -370   1073    -46   -142    409    591 
  -642   1449  -1317  -1072   1065   -444  -1072    -97   -736   -127    372    589 
 -1072   1227   -700   1436   -955    999   -175  -1481   -256   -123    204    649 
   534    786    744   -626    774  -1287   -479  -1033   -713   -114    354    645 
 -1997   1342   -593  -2066   -617   2314   -916   -241   -721   -108    442    594 
  -485   -997    185   -442    200    372    390   -292   -650   -109    445    598 
 -1514    164   -331   1733   -316   -482  -1579   -572  -1267    -58    360    588 
  -321   1517    -90  -1047    149  -2290    -19   -237    710   -108    246    697 
  -965   1524    -40   -610    910    552  -1988  -1618   -639   -127    463    591 
  -108    775    -36    976  -1972   2115   -288   1123   -280   -132    453    576 
  -513   1620  -1061  -1028    966   -843  -1181   -237   -565   -132    400    619 
 -1143   1086   -853    191   -855    393   -444  -1590   -253   -102    207    654 
   379    939    875   1579   1135  -2006   -397  -1079   -791   -112    277    669 
 -1807   -498  -1045  -1257  -1664   3335    -61  -1099    -38    -96    400    634 
   609  -1998    902  -1320   1096   -328   -666  -1641   -448    -90    373    669 
 -1027   -358   -829   2779   -543    690  -1286  -1056  -1208    -48    330    639 
  -489    106    149    684   1289  -2355    316   -927    569   -111    181    721 
 -1997   1809   -234   -306    329   2063  -1450    277  -1107    -82    424    616 
  -581   -755   -125   -214   -405    439    655   1981    683   -106    435    633 
 -1997    262   -585    217     60   -564   -810    -19   -927    -46    325    588 
 -1210   1930   1135  -1615    -79  -2385   -506   -331    464    -85    180    678 
   -51    751    137   -237    806  -1207  -1988  -1988  -1228    -57    304    652 
  -186   1375   -164    945  -1788   2538   -537    897    129    -88    489    616 
 -1725    290  -1315   2292   -635    633  -1329  -1820   1665    -42    300    588 
   -72    390    140    840   1020  -2168    144   -724    164    -90    237    646 
 -1997   1998  -1599  -1675   -728   1801   -670   -576   -448   -132    414    541 
  -193  -1408   -185   -108   -410    860    -26    406    226   -135    372    577 
 -1378    323   -410    114    275   -722  -1774   -467   -877   -115    315    571 
  -434   1506    -11   1077   1379  -2413     55   -545    476   -135    226    627 
  -606   1281   -594   -495     84   -262  -1988  -1988  -1555   -135    351    582 
    -6    835    -78    207  -2135   2833   -370   1073    -46   -142    409    591 
  -642   1449  -1317  -1072   1065   -444  -1072    -97   -736   -127    372    589 
 -1072   1227   -700   1436   -955    999   -175  -1481   -256   -123    204    649 
   534    786    744   -626    774  -1287   -479  -1033   -713   -114    354    645 
 -1997   1342   -593  -2066   -617   2314   -916   -241   -721   -108    442    594 
  -485   -997    185   -442    200    372    390   -292   -650   -109    445    598 
 -1514    164   -331   1733   -316   -482  -1579   -572  -1267    -58    360    588 
  -321   1517    -90  -1047    149  -2290    -19   -237    710   -108    246    697 
  -965   1524    -40   -610    910    552  -1988  -1618   -639   -127    463    591 
  -108    775    -36    976  -1972   2115   -288   1123   -280   -132    453    576 
  -513   1620  -1061  -1028    966   -843  -1181   -237   -565   -132    400    619 
 -1143   1086   -853    191   -855    393   -444  -1590   -253   -102    207    654 
   379    939    875   1579   1135  -2006   -397  -1079   -791   -112    277    669 
 -1807   -498  -1045  -1257  -1664   3335    -61  -1099    -38    -96    400    634 
   609  -1998    902  -1320   1096   -328   -666  -1641   -448    -90    373    669 
 -1027   -358   -829   2779   -543    690  -1286  -1056  -1208    -48    330    639 
  -489    106    149    684   1289  -2355    316   -927    569   -111    181    721 
 -1997   1809   -234   -306    329   2063  -1450    277  -1107    -82    424    616 
  -581   -755   -125   -214   -405    439    655   1981    683   -106    435    633 
 -1997    262   -585    217     60   -564   -810    -19   -927    -46    325    588 
 -1210   1930   1135  -1615    -79  -2385   -506   -331    464    -85    180    678 
   -51    751    137   -237    806  -1207  -1988  -1988  -1228    -57    304    652 
  -186   1375   -164    945  -1788   2538   -537    897    129    -88    489    616 
  -597   1292  -1045  -1405    817   -929  -1013   -362   -561   -165    468    604 
  -855   -319   -848   2413   -831   1065  -1380  -1052  -1208   -100    301    721 
  -259    948      7    435   1413  -2472    499   -370    581   -136    231    748 
 -1412   1511     90   -901    590   -376  -1988   -728    238   -112    435    666 
  -448    -92   -306     11  -2235   3290    328   1989    963   -147    493    661 
 -1997   1998    -87    737      6   -852   -588    694   -588   -124    445    621 
 -1420   1869   1735  -1634   -347  -2130   -420   -658    343   -145    261    705 
   194    648    391   -226    962  -1530  -1107  -1547   -295    -90    396    639 
  -573     39   -443  -1817  -1309   2653   -541     31      0    -84    483    631 
   449   -156   -680   -570    764     75  -1988  -1988   -916   -118    465    630 
 -1509    694  -1575     87  -1049    456  -1590  -1988   1989   -106    358    633 
    40    382    271   1639   1558  -2180    101   -721    491   -141    271    649 
 -1997   1998  -1484  -1007   -686   1016   -459   -136   -869   -144    417    571 
  -480  -1283    168    676  -1385   1842    226    737    651   -136    369    597 
 -1471    111   -540   2806   -700    624  -1337   -471  -1438   -141    364    621 
  -423   1199   -285    137   1354  -2378     74   -292    -30   -169    210    658 
  -938   1181   -681   -637    680   -841  -1988  -1618   -966   -144    349    606 
  -394    460      9   -366  -2203   3354    -38   1061   -128   -150    382    624 
  -724   1273   -998  -1395     83   -937  -1255   -206   -806   -114    330    610 
 -1248   1237   -757  -1932   -273  -1906   -342  -1313   -136   -153    195    688 
 -1807   -498  -1045  -1257  -1664   3335    -61  -1099    -38    -96    400    634 
   609  -1998    902  -1320   1096   -328   -666  -1641   -448    -90    373    669 
 -1027   -358   -829   2779   -543    690  -1286  -1056  -1208    -48    330    639 
  -489    106    149    684   1289  -2355    316   -927    569   -111    181    721 
 -1997   1809   -234   -306    329   2063  -1450    277  -1107    -82    424    616 
  -581   -755   -125   -214   -405    439    655   1981    683   -106    435    633 
 -1997    262   -585    217     60   -564   -810    -19   -927    -46    325    588 
 -1210   1930   1135  -1615    -79  -2385   -506   -331    464    -85    180    678 
   -51    751    137   -237    806  -1207  -1988  -1988  -1228    -57    304    652 
  -186   1375   -164    945  -1788   2538   -537    897    129    -88    489    616 
  -597   1292  -1045  -1405    817   -929  -1013   -362   -561   -165    468    604 
  -855   -319   -848   2413   -831   1065  -1380  -1052  -1208   -100    301    721 
  -259    948      7    435   1413  -2472    499   -370    581   -136    231    748 
 -1412   1511     90   -901    590   -376  -1988   -728    238   -112    435    666 
  -448    -92   -306     11  -2235   3290    328   1989    963   -147    493    661 
 -1997   1998    -87    737      6   -852   -588    694   -588   -124    445    621 
 -1420   1869   1735  -1634   -347  -2130   -420   -658    343   -145    261    705 
   194    648    391   -226    962  -1530  -1107  -1547   -295    -90    396    639 
  -573     39   -443  -1817  -1309   2653   -541     31      0    -84    483    631 
   449   -156   -680   -570    764     75  -1988  -1988   -916   -118    465    630 
 -1509    694  -1575     87  -1049    456  -1590  -1988   1989   -106    358    633 
    40    382    271   1639   1558  -2180    101   -721    491   -141    271    649 
 -1997   1998  -1484  -1007   -686   1016   -459   -136   -869   -144    417    571 
  -480  -1283    168    676  -1385   1842    226    737    651   -136    369    597 
 -1471    111   -540   2806   -700    624  -1337   -471  -1438   -141    364    621 
  -423   1199   -285    137   1354  -2378     74   -292    -30   -169    210    658 
  -938   1181   -681   -637    680   -841  -1988  -1618   -966   -144    349    606 
  -394    460      9   -366  -2203   3354    -38   1061   -128   -150    382    624 
  -724   1273   -998  -1395     83   -937  -1255   -206   -806   -114    330    610 
 -1248   1237   -757  -1932   -273  -1906   -342  -1313   -136   -153    195    688 
   783   1080    692    148    841  -1432   -853   -986   -475   -150    370    660 
 -1997   1910   -135  -1045   -339    917  -1528    367   -943   -102    384    555 
  -328   -581   -173   1524  -1924   1655    901   1728    636    -96    352    613 
 -1997   1998   1640   -569    556   -809   -646   1268   -623    -76    267    552 
 -1312   1835   1781    356    167  -2201    -85   -814    105   -121    126    636 
   -13    644    187   -287    393   -735  -1988  -1988    464    -91    202    625 
  -440   1478   -189   -676  -2023   3569   -256    655   -405    -40    379    535 
   422    938  -1894   -453    348    260  -1988  -1883    499    -24    327    547 
 -1821   1134  -1735   2638   -883    637  -1064  -1988    644     -3    145    525 
   345    523    174    575    494  -1699      8   -779    211      6    168    558 
 -1997   1246     65  -1249   -916   2435   -256  -1196   -253     13    409    442 
  -207  -1528   -369      0   -779    886    441   -401  -1380     19    372    490 
  -768  -1095   -739   1567    -63   -947  -1863  -1364  -1423     31    280    403 
  -301    984   -115   2069    811  -1958    304   -288     -7     16    133    504 
 -1247   1276     50   -671    -30    227  -1988  -1001    335    -15    390    420 
  -536     56   -376    904  -2328   2832     98   1732    -38    -19    403    418 
 -1991   1911   -367   -342    684   -376   -970    437   -455    -12    349    367 
 -1146   1830    781    719  -1190    435   -315   -916   -315     13    232    418 
   470    894    797   -971    978  -1153  -1079  -1068   -303     10    226    433 
 -1392   -291   -836  -1463  -1727   3120    -89   -358   -108    -18    397    330 
 -1509    694  -1575     87  -1049    456  -1590  -1988   1989   -106    358    633 
    40    382    271   1639   1558  -2180    101   -721    491   -141    271    649 
 -1997   1998  -1484  -1007   -686   1016   -459   -136   -869   -144    417    571 
  -480  -1283    168    676  -1385   1842    226    737    651   -136    369    597 
 -1471    111   -540   2806   -700    624  -1337   -471  -1438   -141    364    621 
  -423   1199   -285    137   1354  -2378     74   -292    -30   -169    210    658 
  -938   1181   -681   -637    680   -841  -1988  -1618   -966   -144    349    606 
  -394    460      9   -366  -2203   3354    -38   1061   -128   -150    382    624 
  -724   1273   -998  -1395     83   -937  -1255   -206   -806   -114    330    610 
 -1248   1237   -757  -1932   -273  -1906   -342  -1313   -136   -153    195    688 
   783   1080    692    148    841  -1432   -853   -986   -475   -150    370    660 
 -1997   1910   -135  -1045   -339    917  -1528    367   -943   -102    384    555 
  -328   -581   -173   1524  -1924   1655    901   1728    636    -96    352    613 
 -1997   1998   1640   -569    556   -809   -646   1268   -623    -76    267    552 
 -1312   1835   1781    356    167  -2201    -85   -814    105   -121    126    636 
   -13    644    187   -287    393   -735  -1988  -1988    464    -91    202    625 
  -440   1478   -189   -676  -2023   3569   -256    655   -405    -40    379    535 
   422    938  -1894   -453    348    260  -1988  -1883    499    -24    327    547 
 -1821   1134  -1735   2638   -883    637  -1064  -1988    644     -3    145    525 
   345    523    174    575    494  -1699      8   -779    211      6    168    558 
 -1997   1246     65  -1249   -916   2435   -256  -1196   -253     13    409    442 
  -207  -1528   -369      0   -779    886    441   -401  -1380     19    372    490 
  -768  -1095   -739   1567    -63   -947  -1863  -1364  -1423     31    280    403 
  -301    984   -115   2069    811  -1958    304   -288     -7     16    133    504 
 -1247   1276     50   -671    -30    227  -1988  -1001    335    -15    390    420 
  -536     56   -376    904  -2328   2832     98   1732    -38    -19    403    418 
 -1991   1911   -367   -342    684   -376   -970    437   -455    -12    349    367 
 -1146   1830    781    719  -1190    435   -315   -916   -315     13    232    418 
   470    894    797   -971    978  -1153  -1079  -1068   -303     10    226    433 
 -1392   -291   -836  -1463  -1727   3120    -89   -358   -108    -18    397    330 
   370   -824   1129  -1142    866   -385  -1727  -1516    320     -6    388    372 
 -1389    429   -958   1352   -204   -510  -1824   -767  -1099    -22     27    373 
  -488   1347   -244  -1423    475  -2470    207   -381    129     27    189    412 
 -1052   1195   -404   -380   -211    559  -1988  -1676  -1013      7    327    319 
  -398    485   -225    767  -1864   2242   -225   1221    -50    -13    397    322 
  -484   1549   -395   -476    775   -521  -1719    273  -1001    -33    414    295 
 -1102   1526   -982    485   -909     45   -475  -1450   -237      4    204    357 
   842   1241   1150   1626   1161  -1971  -1072  -1391   -888    -28    223    250 
 -1410     46   -836  -1436  -1968   3541   -444   -362   -151    -10    312    223 
   500  -1768   1276  -1691   1218   -173  -1040  -1376   1814     75    331    261 
 -1075   -423  -1010   2756   -723    915  -1337  -1715    246     96    280    325 
  -477     11    167    534   1459  -2580    671  -1114    753     69    213    408 
 -1997   1998   -270   -378    312   2137  -1341    117  -1068    -39    430    282 
  -458   -873   -255    178   -375    639    702   1806    632    370    358    309 
 -1997    527   -189    385    127   -859   -958    203   -701    -39    420    279 
  -964   1824   1280  -1890     47  -2220   -728    -38    694     31    196    382 
  -154    666     93   -397   1120  -1430  -1988  -1988     51     16    343    318 
  -426   1344    -85    415  -1797   2911   -319   1014     39    -34    403    309 
  -472    721   -472   -978   1180  -1014  -1645   -892   -256    -43    403    277 
 -1981    780  -1030   1273  -1308   1188  -1025  -1988    527     12    195    345 
 -1997   1246     65  -1249   -916   2435   -256  -1196   -253     13    409    442 
  -207  -1528   -369      0   -779    886    441   -401  -1380     19    372    490 
  -768  -1095   -739   1567    -63   -947  -1863  -1364  -1423     31    280    403 
  -301    984   -115   2069    811  -1958    304   -288     -7     16    133    504 
 -1247   1276     50   -671    -30    227  -1988  -1001    335    -15    390    420 
  -536     56   -376    904  -2328   2832     98   1732    -38    -19    403    418 
 -1991   1911   -367   -342    684   -376   -970    437   -455    -12    349    367 
 -1146   1830    781    719  -1190    435   -315   -916   -315     13    232    418 
   470    894    797   -971    978  -1153  -1079  -1068   -303     10    226    433 
 -1392   -291   -836  -1463  -1727   3120    -89   -358   -108    -18    397    330 
   370   -824   1129  -1142    866   -385  -1727  -1516    320     -6    388    372 
 -1389    429   -958   1352   -204   -510  -1824   -767  -1099    -22     27    373 
  -488   1347   -244  -1423    475  -2470    207   -381    129     27    189    412 
 -1052   1195   -404   -380   -211    559  -1988  -1676  -1013      7    327    319 
  -398    485   -225    767  -1864   2242   -225   1221    -50    -13    397    322 
  -484   1549   -395   -476    775   -521  -1719    273  -1001    -33    414    295 
 -1102   1526   -982    485   -909     45   -475  -1450   -237      4    204    357 
   842   1241   1150   1626   1161  -1971  -1072  -1391   -888    -28    223    250 
 -1410     46   -836  -1436  -1968   3541   -444   -362   -151    -10    312    223 
   500  -1768   1276  -1691   1218   -173  -1040  -1376   1814     75    331    261 
 -1075   -423  -1010   2756   -723    915  -1337  -1715    246     96    280    325 
  -477     11    167    534   1459  -2580    671  -1114    753     69    213    408 
 -1997   1998   -270   -378    312   2137  -1341    117  -1068    -39    430    282 
  -458   -873   -255    178   -375    639    702   1806    632    370    358    309 
 -1997    527   -189    385    127   -859   -958    203   -701    -39    420    279 
  -964   1824   1280  -1890     47  -2220   -728    -38    694     31    196    382 
  -154    666     93   -397   1120  -1430  -1988  -1988     51     16    343    318 
  -426   1344    -85    415  -1797   2911   -319   1014     39    -34    403    309 
  -472    721   -472   -978   1180  -1014  -1645   -892   -256    -43    403    277 
 -1981    780  -1030   1273  -1308   1188  -1025  -1988    527     12    195    345 
   175    624    264   1640   1140  -2296    168   -646    246     18    136    403 
 -1038   1337     15   -529    787   -829  -1988  -1204    261    -54    391    286 
  -283    403   -101   -795  -2076   3335   -132   1080    -89    -34    333    282 
 -1997   1749   1636   -335    163   -927   -955    -26   -955    -45    310    216 
 -1244   1377     39  -1084   -503  -1403   -245  -1192   -303     19    207    264 
   322    732    650   -146   1014  -1648   -997  -1387   -139    162    220    333 
 -1014   -135  -1166  -1804  -1012   2417   -311   -377   -233     13    430    250 
   403  -1135   1214  -1181   1019      7  -1988  -1988   1576      3    424    319 
 -1819    203   -691   1083   -783    945  -1118  -1337   -631     33    250    334 
  -278    312    232   1464   1249  -2459    207   -643    647      1    198    351 
 -1997   1998   -377   -808   -209    473  -1485    374  -1208    -57    300    300 
  -383   -780    -29   1009  -1969   2536    511   1158    -15     -1    253    361 
 -1997   1857   -526   1182   -279   -560  -1001   1197   -705     61    307    270 
  -757   1345    824   -700      5  -1519   -319   -514    -81    103    162    340 
  -242    267   -200     82    223   -802  -1988  -1988   1970     64    300    277 
 -1012    962   -261   -750   -612   1767   -607     -7   -171      3    405    295 
  -154    -40    238  -1027   1714   -745   -775  -1988   1076     33    300    318 
  -902     63     40     65    296    804  -1075   -740   -362     12    312    325 
  -591    591     86    400    500  -1144   -701   -256   -124     10    220    424 
  -813    816   -139    538    678  -1138   -888   -966   -292     10    139    435 
